nodes	percent_of_prediction	percent_of_DWPC	metapath
Betamethasone—NR3C2—hypertension	0.163	0.542	CbGaD
Betamethasone—CYP19A1—hypertension	0.0609	0.202	CbGaD
Betamethasone—NR3C2—Eplerenone—hypertension	0.051	0.158	CbGbCtD
Betamethasone—NR3C1—hypertension	0.0493	0.163	CbGaD
Betamethasone—NR3C2—Spironolactone—hypertension	0.04	0.124	CbGbCtD
Betamethasone—NR3C2—Felodipine—hypertension	0.0393	0.122	CbGbCtD
Betamethasone—PTGS2—hypertension	0.028	0.0928	CbGaD
Betamethasone—Fluoxymesterone—Eplerenone—hypertension	0.0269	0.163	CrCrCtD
Betamethasone—Fludrocortisone—Eplerenone—hypertension	0.0262	0.159	CrCrCtD
Betamethasone—PGR—Spironolactone—hypertension	0.0258	0.0801	CbGbCtD
Betamethasone—Testolactone—Spironolactone—hypertension	0.0255	0.155	CrCrCtD
Betamethasone—Fluoxymesterone—Spironolactone—hypertension	0.0234	0.142	CrCrCtD
Betamethasone—Fludrocortisone—Spironolactone—hypertension	0.0228	0.138	CrCrCtD
Betamethasone—Hydrocortisone—Eplerenone—hypertension	0.0214	0.13	CrCrCtD
Betamethasone—Hydrocortisone—Spironolactone—hypertension	0.0186	0.113	CrCrCtD
Betamethasone—NR3C1—Spironolactone—hypertension	0.0132	0.0409	CbGbCtD
Betamethasone—PTGS2—Bumetanide—hypertension	0.00988	0.0306	CbGbCtD
Betamethasone—ABCB1—Nadolol—hypertension	0.00608	0.0188	CbGbCtD
Betamethasone—ABCB1—Acebutolol—hypertension	0.00556	0.0172	CbGbCtD
Betamethasone—ABCB1—Metoprolol—hypertension	0.00517	0.016	CbGbCtD
Betamethasone—ABCB1—Candesartan—hypertension	0.00517	0.016	CbGbCtD
Betamethasone—ABCB1—Terazosin—hypertension	0.00486	0.0151	CbGbCtD
Betamethasone—CYP3A4—Guanethidine—hypertension	0.00481	0.0149	CbGbCtD
Betamethasone—ABCB1—Reserpine—hypertension	0.00461	0.0143	CbGbCtD
Betamethasone—ABCB1—Perindopril—hypertension	0.00421	0.0131	CbGbCtD
Betamethasone—ABCB1—Doxazosin—hypertension	0.00406	0.0126	CbGbCtD
Betamethasone—ABCB1—Nisoldipine—hypertension	0.00406	0.0126	CbGbCtD
Betamethasone—ABCB1—Diltiazem—hypertension	0.00392	0.0121	CbGbCtD
Betamethasone—NR3C2—collecting duct of renal tubule—hypertension	0.00376	0.116	CbGeAlD
Betamethasone—ABCB1—Telmisartan—hypertension	0.00368	0.0114	CbGbCtD
Betamethasone—CYP3A4—Hydralazine—hypertension	0.00364	0.0113	CbGbCtD
Betamethasone—ABCB1—Bepridil—hypertension	0.00349	0.0108	CbGbCtD
Betamethasone—ABCB1—Enalapril—hypertension	0.00349	0.0108	CbGbCtD
Betamethasone—ABCB1—Lisinopril—hypertension	0.00349	0.0108	CbGbCtD
Betamethasone—PLA2G1B—nephron—hypertension	0.00338	0.104	CbGeAlD
Betamethasone—ABCB1—Prazosin—hypertension	0.00333	0.0103	CbGbCtD
Betamethasone—ABCB1—Amlodipine—hypertension	0.00313	0.0097	CbGbCtD
Betamethasone—CYP3A4—Guanfacine—hypertension	0.0031	0.0096	CbGbCtD
Betamethasone—ABCB1—Spironolactone—hypertension	0.00307	0.00952	CbGbCtD
Betamethasone—ABCB1—Felodipine—hypertension	0.00302	0.00936	CbGbCtD
Betamethasone—ABCB1—Timolol—hypertension	0.00297	0.0092	CbGbCtD
Betamethasone—ABCB1—Nifedipine—hypertension	0.00292	0.00905	CbGbCtD
Betamethasone—ABCB1—Carvedilol—hypertension	0.00288	0.00891	CbGbCtD
Betamethasone—ABCB1—Nicardipine—hypertension	0.00288	0.00891	CbGbCtD
Betamethasone—CYP3A4—Isradipine—hypertension	0.00276	0.00855	CbGbCtD
Betamethasone—ABCB1—Propranolol—hypertension	0.00265	0.0082	CbGbCtD
Betamethasone—ABCB1—Captopril—hypertension	0.00261	0.0081	CbGbCtD
Betamethasone—ABCB1—Clonidine—hypertension	0.00252	0.00782	CbGbCtD
Betamethasone—CYP3A4—Nisoldipine—hypertension	0.00243	0.00753	CbGbCtD
Betamethasone—CYP3A4—Indapamide—hypertension	0.00243	0.00753	CbGbCtD
Betamethasone—CYP3A4—Diltiazem—hypertension	0.00235	0.00727	CbGbCtD
Betamethasone—CYP3A4—Eplerenone—hypertension	0.00235	0.00727	CbGbCtD
Betamethasone—ABCB1—Atorvastatin—hypertension	0.00225	0.00697	CbGbCtD
Betamethasone—CYP3A4—Enalapril—hypertension	0.00209	0.00648	CbGbCtD
Betamethasone—ABCB1—Losartan—hypertension	0.00206	0.00638	CbGbCtD
Betamethasone—CYP3A4—Irbesartan—hypertension	0.00191	0.00593	CbGbCtD
Betamethasone—CYP3A4—Amlodipine—hypertension	0.00188	0.00581	CbGbCtD
Betamethasone—ABCB1—Verapamil—hypertension	0.00182	0.00563	CbGbCtD
Betamethasone—CYP3A4—Felodipine—hypertension	0.00181	0.00561	CbGbCtD
Betamethasone—CYP3A4—Nifedipine—hypertension	0.00175	0.00542	CbGbCtD
Betamethasone—CYP3A4—Nicardipine—hypertension	0.00172	0.00534	CbGbCtD
Betamethasone—CYP3A4—Carvedilol—hypertension	0.00172	0.00534	CbGbCtD
Betamethasone—NR3C2—nephron—hypertension	0.00167	0.0514	CbGeAlD
Betamethasone—CYP3A4—Propranolol—hypertension	0.00159	0.00491	CbGbCtD
Betamethasone—CYP3A4—Clonidine—hypertension	0.00151	0.00469	CbGbCtD
Betamethasone—PLA2G1B—blood vessel—hypertension	0.00147	0.0451	CbGeAlD
Betamethasone—CYP3A4—Atorvastatin—hypertension	0.00135	0.00418	CbGbCtD
Betamethasone—CYP3A4—Losartan—hypertension	0.00123	0.00382	CbGbCtD
Betamethasone—CYP3A4—Verapamil—hypertension	0.00109	0.00337	CbGbCtD
Betamethasone—PGR—artery—hypertension	0.000867	0.0267	CbGeAlD
Betamethasone—PTGS2—nephron—hypertension	0.000776	0.0239	CbGeAlD
Betamethasone—NR3C1—urine—hypertension	0.000719	0.0221	CbGeAlD
Betamethasone—PTGS2—hindlimb—hypertension	0.000707	0.0217	CbGeAlD
Betamethasone—PLA2G1B—heart—hypertension	0.000694	0.0213	CbGeAlD
Betamethasone—PGR—blood vessel—hypertension	0.000676	0.0208	CbGeAlD
Betamethasone—PLA2G1B—cardiovascular system—hypertension	0.000655	0.0201	CbGeAlD
Betamethasone—PLA2G1B—kidney—hypertension	0.000641	0.0197	CbGeAlD
Betamethasone—CYP3A4—urine—hypertension	0.000544	0.0167	CbGeAlD
Betamethasone—NR3C2—cardiac ventricle—hypertension	0.000523	0.0161	CbGeAlD
Betamethasone—PLA2G1B—adrenal gland—hypertension	0.000518	0.0159	CbGeAlD
Betamethasone—NR3C2—myocardium—hypertension	0.000492	0.0151	CbGeAlD
Betamethasone—PGR—myocardium—hypertension	0.000458	0.0141	CbGeAlD
Betamethasone—PLA2G1B—endocrine gland—hypertension	0.000449	0.0138	CbGeAlD
Betamethasone—PTGS2—artery—hypertension	0.000433	0.0133	CbGeAlD
Betamethasone—PLA2G1B—central nervous system—hypertension	0.000405	0.0124	CbGeAlD
Betamethasone—NR3C2—brainstem—hypertension	0.000397	0.0122	CbGeAlD
Betamethasone—PTGS2—endothelium—hypertension	0.000366	0.0112	CbGeAlD
Betamethasone—NR3C2—nephron tubule—hypertension	0.000361	0.0111	CbGeAlD
Betamethasone—NR3C2—adrenal cortex—hypertension	0.000355	0.0109	CbGeAlD
Betamethasone—NR3C2—heart—hypertension	0.000344	0.0106	CbGeAlD
Betamethasone—NR3C2—smooth muscle tissue—hypertension	0.000341	0.0105	CbGeAlD
Betamethasone—PTGS2—blood vessel—hypertension	0.000337	0.0104	CbGeAlD
Betamethasone—NR3C2—cardiovascular system—hypertension	0.000324	0.00997	CbGeAlD
Betamethasone—PGR—heart—hypertension	0.000319	0.00982	CbGeAlD
Betamethasone—NR3C2—kidney—hypertension	0.000317	0.00975	CbGeAlD
Betamethasone—PGR—smooth muscle tissue—hypertension	0.000317	0.00974	CbGeAlD
Betamethasone—PGR—decidua—hypertension	0.000311	0.00955	CbGeAlD
Betamethasone—NR3C2—cortex of kidney—hypertension	0.000309	0.0095	CbGeAlD
Betamethasone—PGR—cardiovascular system—hypertension	0.000301	0.00927	CbGeAlD
Betamethasone—NR3C2—cardiac atrium—hypertension	0.000294	0.00903	CbGeAlD
Betamethasone—NR3C1—cardiac ventricle—hypertension	0.000281	0.00863	CbGeAlD
Betamethasone—NR3C2—medulla oblongata—hypertension	0.000277	0.00852	CbGeAlD
Betamethasone—NR3C1—myocardium—hypertension	0.000264	0.00812	CbGeAlD
Betamethasone—NR3C2—adrenal gland—hypertension	0.000256	0.00788	CbGeAlD
Betamethasone—PGR—adrenal gland—hypertension	0.000238	0.00733	CbGeAlD
Betamethasone—NR3C2—endocrine gland—hypertension	0.000222	0.00684	CbGeAlD
Betamethasone—CYP19A1—adrenal gland—hypertension	0.000215	0.0066	CbGeAlD
Betamethasone—NR3C1—brainstem—hypertension	0.000213	0.00655	CbGeAlD
Betamethasone—ABCB1—blood vessel—hypertension	0.000209	0.00642	CbGeAlD
Betamethasone—PGR—endocrine gland—hypertension	0.000207	0.00636	CbGeAlD
Betamethasone—Prednisone—HSD11B1—hypertension	0.000204	0.0695	CrCbGaD
Betamethasone—NR3C2—central nervous system—hypertension	0.0002	0.00616	CbGeAlD
Betamethasone—NR3C1—nephron tubule—hypertension	0.000194	0.00595	CbGeAlD
Betamethasone—NR3C1—adrenal cortex—hypertension	0.000191	0.00586	CbGeAlD
Betamethasone—Amcinonide—ANXA1—hypertension	0.000187	0.0637	CrCbGaD
Betamethasone—PGR—central nervous system—hypertension	0.000186	0.00573	CbGeAlD
Betamethasone—CYP19A1—endocrine gland—hypertension	0.000186	0.00572	CbGeAlD
Betamethasone—NR3C1—heart—hypertension	0.000184	0.00567	CbGeAlD
Betamethasone—NR3C1—smooth muscle tissue—hypertension	0.000183	0.00562	CbGeAlD
Betamethasone—NR3C1—decidua—hypertension	0.000179	0.00551	CbGeAlD
Betamethasone—NR3C1—cardiovascular system—hypertension	0.000174	0.00535	CbGeAlD
Betamethasone—NR3C1—kidney—hypertension	0.00017	0.00523	CbGeAlD
Betamethasone—CYP19A1—central nervous system—hypertension	0.000168	0.00515	CbGeAlD
Betamethasone—NR3C1—cortex of kidney—hypertension	0.000166	0.00509	CbGeAlD
Betamethasone—PTGS2—adrenal cortex—hypertension	0.000165	0.00507	CbGeAlD
Betamethasone—PTGS2—heart—hypertension	0.00016	0.0049	CbGeAlD
Betamethasone—PTGS2—smooth muscle tissue—hypertension	0.000158	0.00486	CbGeAlD
Betamethasone—NR3C1—cardiac atrium—hypertension	0.000158	0.00485	CbGeAlD
Betamethasone—PTGS2—cardiovascular system—hypertension	0.000151	0.00463	CbGeAlD
Betamethasone—NR3C1—medulla oblongata—hypertension	0.000149	0.00457	CbGeAlD
Betamethasone—PTGS2—kidney—hypertension	0.000147	0.00453	CbGeAlD
Betamethasone—NR3C1—adrenal gland—hypertension	0.000138	0.00423	CbGeAlD
Betamethasone—CYP3A4—kidney—hypertension	0.000129	0.00396	CbGeAlD
Betamethasone—PTGS2—medulla oblongata—hypertension	0.000129	0.00395	CbGeAlD
Betamethasone—Fludrocortisone—NR3C2—hypertension	0.000123	0.0419	CrCbGaD
Betamethasone—NR3C1—endocrine gland—hypertension	0.000119	0.00367	CbGeAlD
Betamethasone—PTGS2—adrenal gland—hypertension	0.000119	0.00366	CbGeAlD
Betamethasone—NR3C1—central nervous system—hypertension	0.000107	0.0033	CbGeAlD
Betamethasone—ABCB1—nephron tubule—hypertension	0.000104	0.00319	CbGeAlD
Betamethasone—PTGS2—endocrine gland—hypertension	0.000103	0.00317	CbGeAlD
Betamethasone—ABCB1—adrenal cortex—hypertension	0.000102	0.00314	CbGeAlD
Betamethasone—ABCB1—heart—hypertension	9.87e-05	0.00303	CbGeAlD
Betamethasone—ABCB1—decidua—hypertension	9.6e-05	0.00295	CbGeAlD
Betamethasone—ABCB1—cardiovascular system—hypertension	9.31e-05	0.00286	CbGeAlD
Betamethasone—PTGS2—central nervous system—hypertension	9.3e-05	0.00286	CbGeAlD
Betamethasone—Hydrocortisone—CYP11B1—hypertension	9.26e-05	0.0316	CrCbGaD
Betamethasone—ABCB1—kidney—hypertension	9.11e-05	0.0028	CbGeAlD
Betamethasone—CYP3A4—endocrine gland—hypertension	9.02e-05	0.00277	CbGeAlD
Betamethasone—ABCB1—cortex of kidney—hypertension	8.87e-05	0.00273	CbGeAlD
Betamethasone—Hydrocortisone—CYP11B2—hypertension	8.7e-05	0.0297	CrCbGaD
Betamethasone—Fluticasone Propionate—NR3C2—hypertension	8.63e-05	0.0294	CrCbGaD
Betamethasone—CYP3A4—central nervous system—hypertension	8.13e-05	0.0025	CbGeAlD
Betamethasone—Prednisolone—NR3C2—hypertension	8.08e-05	0.0275	CrCbGaD
Betamethasone—ABCB1—medulla oblongata—hypertension	7.95e-05	0.00245	CbGeAlD
Betamethasone—Hydrocortisone—ANXA1—hypertension	7.87e-05	0.0268	CrCbGaD
Betamethasone—Testolactone—CYP19A1—hypertension	7.51e-05	0.0256	CrCbGaD
Betamethasone—Dexamethasone—CYP4A11—hypertension	7.42e-05	0.0253	CrCbGaD
Betamethasone—ABCB1—adrenal gland—hypertension	7.36e-05	0.00226	CbGeAlD
Betamethasone—ABCB1—endocrine gland—hypertension	6.39e-05	0.00196	CbGeAlD
Betamethasone—Difluprednate—NR3C1—hypertension	6.27e-05	0.0214	CrCbGaD
Betamethasone—Prednicarbate—NR3C1—hypertension	6.08e-05	0.0207	CrCbGaD
Betamethasone—Clocortolone—NR3C1—hypertension	6.08e-05	0.0207	CrCbGaD
Betamethasone—Dexamethasone—ANXA1—hypertension	5.86e-05	0.02	CrCbGaD
Betamethasone—Desonide—NR3C1—hypertension	5.76e-05	0.0196	CrCbGaD
Betamethasone—Diflorasone—NR3C1—hypertension	5.76e-05	0.0196	CrCbGaD
Betamethasone—ABCB1—central nervous system—hypertension	5.75e-05	0.00177	CbGeAlD
Betamethasone—Desoximetasone—NR3C1—hypertension	5.61e-05	0.0191	CrCbGaD
Betamethasone—Loteprednol—NR3C1—hypertension	5.55e-05	0.0189	CrCbGaD
Betamethasone—Fludrocortisone—AR—hypertension	5.47e-05	0.0187	CrCbGaD
Betamethasone—Beclomethasone—CYP3A5—hypertension	5.25e-05	0.0179	CrCbGaD
Betamethasone—Flurandrenolide—NR3C1—hypertension	4.92e-05	0.0168	CrCbGaD
Betamethasone—Flumethasone Pivalate—NR3C1—hypertension	4.83e-05	0.0165	CrCbGaD
Betamethasone—Halobetasol Propionate—NR3C1—hypertension	4.75e-05	0.0162	CrCbGaD
Betamethasone—Dexamethasone—NR3C2—hypertension	4.6e-05	0.0157	CrCbGaD
Betamethasone—Fluoxymesterone—AR—hypertension	4.52e-05	0.0154	CrCbGaD
Betamethasone—Amcinonide—NR3C1—hypertension	4.42e-05	0.0151	CrCbGaD
Betamethasone—Budesonide—NR3C1—hypertension	4.42e-05	0.0151	CrCbGaD
Betamethasone—Fluticasone furoate—NR3C1—hypertension	4.33e-05	0.0148	CrCbGaD
Betamethasone—Mometasone—NR3C1—hypertension	4.2e-05	0.0143	CrCbGaD
Betamethasone—Rimexolone—NR3C1—hypertension	4.16e-05	0.0142	CrCbGaD
Betamethasone—Beclomethasone—NR3C1—hypertension	3.92e-05	0.0134	CrCbGaD
Betamethasone—Fluocinonide—NR3C1—hypertension	3.92e-05	0.0134	CrCbGaD
Betamethasone—Alclometasone—NR3C1—hypertension	3.81e-05	0.013	CrCbGaD
Betamethasone—Fluocinolone Acetonide—NR3C1—hypertension	3.81e-05	0.013	CrCbGaD
Betamethasone—Clobetasol propionate—NR3C1—hypertension	3.71e-05	0.0126	CrCbGaD
Betamethasone—Flunisolide—NR3C1—hypertension	3.71e-05	0.0126	CrCbGaD
Betamethasone—Fludrocortisone—NR3C1—hypertension	3.71e-05	0.0126	CrCbGaD
Betamethasone—Paramethasone—NR3C1—hypertension	3.66e-05	0.0125	CrCbGaD
Betamethasone—Fluorometholone—NR3C1—hypertension	3.57e-05	0.0122	CrCbGaD
Betamethasone—Fluticasone Propionate—CYP3A5—hypertension	3.49e-05	0.0119	CrCbGaD
Betamethasone—Methylprednisolone—NR3C1—hypertension	3.46e-05	0.0118	CrCbGaD
Betamethasone—Dexamethasone—CYP17A1—hypertension	3.37e-05	0.0115	CrCbGaD
Betamethasone—Clobetasol propionate—CYP1A1—hypertension	3.37e-05	0.0115	CrCbGaD
Betamethasone—Dexamethasone—CYP11A1—hypertension	3.31e-05	0.0113	CrCbGaD
Betamethasone—Fluoxymesterone—NR3C1—hypertension	3.06e-05	0.0104	CrCbGaD
Betamethasone—Triamcinolone—NR3C1—hypertension	2.91e-05	0.00994	CrCbGaD
Betamethasone—Dexamethasone—NOS2—hypertension	2.75e-05	0.00936	CrCbGaD
Betamethasone—Prednisone—NR3C1—hypertension	2.64e-05	0.00901	CrCbGaD
Betamethasone—Fluticasone Propionate—NR3C1—hypertension	2.61e-05	0.00888	CrCbGaD
Betamethasone—Hydrocortisone—CYP3A5—hypertension	2.5e-05	0.00851	CrCbGaD
Betamethasone—Prednisolone—NR3C1—hypertension	2.44e-05	0.00831	CrCbGaD
Betamethasone—Hydrocortisone—NR3C1—hypertension	1.86e-05	0.00635	CrCbGaD
Betamethasone—Dexamethasone—CYP3A5—hypertension	1.86e-05	0.00634	CrCbGaD
Betamethasone—Dexamethasone—CYP19A1—hypertension	1.71e-05	0.00584	CrCbGaD
Betamethasone—Triamcinolone—PTGS2—hypertension	1.65e-05	0.00564	CrCbGaD
Betamethasone—Feeling abnormal—Furosemide—hypertension	1.63e-05	0.000139	CcSEcCtD
Betamethasone—Rash—Fosinopril—hypertension	1.62e-05	0.000139	CcSEcCtD
Betamethasone—Dermatitis—Fosinopril—hypertension	1.62e-05	0.000139	CcSEcCtD
Betamethasone—Vomiting—Nifedipine—hypertension	1.62e-05	0.000138	CcSEcCtD
Betamethasone—Gastrointestinal pain—Furosemide—hypertension	1.62e-05	0.000138	CcSEcCtD
Betamethasone—Rash—Eplerenone—hypertension	1.62e-05	0.000138	CcSEcCtD
Betamethasone—Urticaria—Perindopril—hypertension	1.61e-05	0.000138	CcSEcCtD
Betamethasone—Headache—Fosinopril—hypertension	1.61e-05	0.000138	CcSEcCtD
Betamethasone—Dermatitis—Eplerenone—hypertension	1.61e-05	0.000138	CcSEcCtD
Betamethasone—Diarrhoea—Valsartan—hypertension	1.61e-05	0.000138	CcSEcCtD
Betamethasone—Asthenia—Clonidine—hypertension	1.61e-05	0.000138	CcSEcCtD
Betamethasone—Feeling abnormal—Betaxolol—hypertension	1.61e-05	0.000138	CcSEcCtD
Betamethasone—Vomiting—Verapamil—hypertension	1.61e-05	0.000138	CcSEcCtD
Betamethasone—Urticaria—Irbesartan—hypertension	1.61e-05	0.000138	CcSEcCtD
Betamethasone—Shock—Ramipril—hypertension	1.61e-05	0.000138	CcSEcCtD
Betamethasone—Body temperature increased—Perindopril—hypertension	1.61e-05	0.000137	CcSEcCtD
Betamethasone—Abdominal pain—Perindopril—hypertension	1.61e-05	0.000137	CcSEcCtD
Betamethasone—Diarrhoea—Olmesartan—hypertension	1.6e-05	0.000137	CcSEcCtD
Betamethasone—Headache—Eplerenone—hypertension	1.6e-05	0.000137	CcSEcCtD
Betamethasone—Rash—Nifedipine—hypertension	1.6e-05	0.000137	CcSEcCtD
Betamethasone—Nervous system disorder—Ramipril—hypertension	1.6e-05	0.000137	CcSEcCtD
Betamethasone—Dermatitis—Nifedipine—hypertension	1.6e-05	0.000137	CcSEcCtD
Betamethasone—Abdominal pain—Irbesartan—hypertension	1.6e-05	0.000137	CcSEcCtD
Betamethasone—Body temperature increased—Irbesartan—hypertension	1.6e-05	0.000137	CcSEcCtD
Betamethasone—Thrombocytopenia—Ramipril—hypertension	1.6e-05	0.000137	CcSEcCtD
Betamethasone—Oedema—Timolol—hypertension	1.6e-05	0.000137	CcSEcCtD
Betamethasone—Anaphylactic shock—Timolol—hypertension	1.6e-05	0.000137	CcSEcCtD
Betamethasone—Loss of consciousness—Lisinopril—hypertension	1.6e-05	0.000137	CcSEcCtD
Betamethasone—Rash—Verapamil—hypertension	1.6e-05	0.000137	CcSEcCtD
Betamethasone—Urticaria—Hydrochlorothiazide—hypertension	1.6e-05	0.000137	CcSEcCtD
Betamethasone—Tachycardia—Ramipril—hypertension	1.6e-05	0.000137	CcSEcCtD
Betamethasone—Dermatitis—Verapamil—hypertension	1.59e-05	0.000136	CcSEcCtD
Betamethasone—Headache—Nifedipine—hypertension	1.59e-05	0.000136	CcSEcCtD
Betamethasone—Pruritus—Clonidine—hypertension	1.59e-05	0.000136	CcSEcCtD
Betamethasone—Abdominal pain—Hydrochlorothiazide—hypertension	1.59e-05	0.000136	CcSEcCtD
Betamethasone—Body temperature increased—Hydrochlorothiazide—hypertension	1.59e-05	0.000136	CcSEcCtD
Betamethasone—Infection—Timolol—hypertension	1.59e-05	0.000136	CcSEcCtD
Betamethasone—Headache—Verapamil—hypertension	1.59e-05	0.000136	CcSEcCtD
Betamethasone—Nausea—Diltiazem—hypertension	1.58e-05	0.000135	CcSEcCtD
Betamethasone—Nausea—Indapamide—hypertension	1.58e-05	0.000135	CcSEcCtD
Betamethasone—Hyperhidrosis—Ramipril—hypertension	1.58e-05	0.000135	CcSEcCtD
Betamethasone—Asthenia—Trandolapril—hypertension	1.57e-05	0.000135	CcSEcCtD
Betamethasone—Shock—Timolol—hypertension	1.57e-05	0.000135	CcSEcCtD
Betamethasone—Feeling abnormal—Losartan—hypertension	1.57e-05	0.000134	CcSEcCtD
Betamethasone—Urticaria—Furosemide—hypertension	1.57e-05	0.000134	CcSEcCtD
Betamethasone—Nervous system disorder—Timolol—hypertension	1.57e-05	0.000134	CcSEcCtD
Betamethasone—Nausea—Carvedilol—hypertension	1.57e-05	0.000134	CcSEcCtD
Betamethasone—Asthenia—Enalapril—hypertension	1.57e-05	0.000134	CcSEcCtD
Betamethasone—Abdominal pain—Furosemide—hypertension	1.56e-05	0.000134	CcSEcCtD
Betamethasone—Body temperature increased—Furosemide—hypertension	1.56e-05	0.000134	CcSEcCtD
Betamethasone—Gastrointestinal pain—Losartan—hypertension	1.56e-05	0.000133	CcSEcCtD
Betamethasone—Dizziness—Valsartan—hypertension	1.56e-05	0.000133	CcSEcCtD
Betamethasone—Anorexia—Ramipril—hypertension	1.56e-05	0.000133	CcSEcCtD
Betamethasone—Urticaria—Betaxolol—hypertension	1.55e-05	0.000133	CcSEcCtD
Betamethasone—Dizziness—Olmesartan—hypertension	1.55e-05	0.000133	CcSEcCtD
Betamethasone—Pruritus—Trandolapril—hypertension	1.55e-05	0.000133	CcSEcCtD
Betamethasone—Nausea—Doxazosin—hypertension	1.55e-05	0.000133	CcSEcCtD
Betamethasone—Myalgia—Lisinopril—hypertension	1.55e-05	0.000132	CcSEcCtD
Betamethasone—Body temperature increased—Betaxolol—hypertension	1.55e-05	0.000132	CcSEcCtD
Betamethasone—Hyperhidrosis—Timolol—hypertension	1.54e-05	0.000132	CcSEcCtD
Betamethasone—Asthenia—Telmisartan—hypertension	1.54e-05	0.000132	CcSEcCtD
Betamethasone—Pruritus—Enalapril—hypertension	1.54e-05	0.000132	CcSEcCtD
Betamethasone—Anxiety—Lisinopril—hypertension	1.54e-05	0.000132	CcSEcCtD
Betamethasone—Diarrhoea—Clonidine—hypertension	1.54e-05	0.000132	CcSEcCtD
Betamethasone—Nausea—Fosinopril—hypertension	1.53e-05	0.000131	CcSEcCtD
Betamethasone—Discomfort—Lisinopril—hypertension	1.53e-05	0.000131	CcSEcCtD
Betamethasone—Hypotension—Ramipril—hypertension	1.53e-05	0.000131	CcSEcCtD
Betamethasone—Anorexia—Timolol—hypertension	1.52e-05	0.00013	CcSEcCtD
Betamethasone—Pruritus—Telmisartan—hypertension	1.52e-05	0.00013	CcSEcCtD
Betamethasone—Nausea—Eplerenone—hypertension	1.52e-05	0.00013	CcSEcCtD
Betamethasone—Urticaria—Losartan—hypertension	1.51e-05	0.00013	CcSEcCtD
Betamethasone—Nausea—Nifedipine—hypertension	1.51e-05	0.000129	CcSEcCtD
Betamethasone—Body temperature increased—Losartan—hypertension	1.51e-05	0.000129	CcSEcCtD
Betamethasone—Abdominal pain—Losartan—hypertension	1.51e-05	0.000129	CcSEcCtD
Betamethasone—Nausea—Verapamil—hypertension	1.5e-05	0.000129	CcSEcCtD
Betamethasone—Asthenia—Captopril—hypertension	1.5e-05	0.000129	CcSEcCtD
Betamethasone—Diarrhoea—Trandolapril—hypertension	1.5e-05	0.000128	CcSEcCtD
Betamethasone—Vomiting—Valsartan—hypertension	1.5e-05	0.000128	CcSEcCtD
Betamethasone—Diarrhoea—Enalapril—hypertension	1.49e-05	0.000128	CcSEcCtD
Betamethasone—Hypotension—Timolol—hypertension	1.49e-05	0.000128	CcSEcCtD
Betamethasone—Vomiting—Olmesartan—hypertension	1.49e-05	0.000128	CcSEcCtD
Betamethasone—Musculoskeletal discomfort—Ramipril—hypertension	1.49e-05	0.000127	CcSEcCtD
Betamethasone—Rash—Valsartan—hypertension	1.49e-05	0.000127	CcSEcCtD
Betamethasone—Dizziness—Clonidine—hypertension	1.49e-05	0.000127	CcSEcCtD
Betamethasone—Dermatitis—Valsartan—hypertension	1.48e-05	0.000127	CcSEcCtD
Betamethasone—Anaphylactic shock—Lisinopril—hypertension	1.48e-05	0.000127	CcSEcCtD
Betamethasone—Oedema—Lisinopril—hypertension	1.48e-05	0.000127	CcSEcCtD
Betamethasone—Pruritus—Captopril—hypertension	1.48e-05	0.000127	CcSEcCtD
Betamethasone—Rash—Olmesartan—hypertension	1.48e-05	0.000127	CcSEcCtD
Betamethasone—Insomnia—Ramipril—hypertension	1.48e-05	0.000126	CcSEcCtD
Betamethasone—Dermatitis—Olmesartan—hypertension	1.48e-05	0.000126	CcSEcCtD
Betamethasone—Headache—Valsartan—hypertension	1.48e-05	0.000126	CcSEcCtD
Betamethasone—Diarrhoea—Telmisartan—hypertension	1.47e-05	0.000126	CcSEcCtD
Betamethasone—Infection—Lisinopril—hypertension	1.47e-05	0.000126	CcSEcCtD
Betamethasone—Headache—Olmesartan—hypertension	1.47e-05	0.000126	CcSEcCtD
Betamethasone—Paraesthesia—Ramipril—hypertension	1.47e-05	0.000126	CcSEcCtD
Betamethasone—Shock—Lisinopril—hypertension	1.46e-05	0.000125	CcSEcCtD
Betamethasone—Asthenia—Perindopril—hypertension	1.46e-05	0.000125	CcSEcCtD
Betamethasone—Musculoskeletal discomfort—Timolol—hypertension	1.46e-05	0.000125	CcSEcCtD
Betamethasone—Asthenia—Irbesartan—hypertension	1.45e-05	0.000124	CcSEcCtD
Betamethasone—Thrombocytopenia—Lisinopril—hypertension	1.45e-05	0.000124	CcSEcCtD
Betamethasone—Dizziness—Trandolapril—hypertension	1.45e-05	0.000124	CcSEcCtD
Betamethasone—Tachycardia—Lisinopril—hypertension	1.45e-05	0.000124	CcSEcCtD
Betamethasone—Insomnia—Timolol—hypertension	1.45e-05	0.000124	CcSEcCtD
Betamethasone—Dizziness—Enalapril—hypertension	1.44e-05	0.000123	CcSEcCtD
Betamethasone—Asthenia—Hydrochlorothiazide—hypertension	1.44e-05	0.000123	CcSEcCtD
Betamethasone—Dyspepsia—Ramipril—hypertension	1.44e-05	0.000123	CcSEcCtD
Betamethasone—Pruritus—Perindopril—hypertension	1.44e-05	0.000123	CcSEcCtD
Betamethasone—Paraesthesia—Timolol—hypertension	1.43e-05	0.000123	CcSEcCtD
Betamethasone—Pruritus—Irbesartan—hypertension	1.43e-05	0.000123	CcSEcCtD
Betamethasone—Hyperhidrosis—Lisinopril—hypertension	1.43e-05	0.000123	CcSEcCtD
Betamethasone—Diarrhoea—Captopril—hypertension	1.43e-05	0.000123	CcSEcCtD
Betamethasone—Vomiting—Clonidine—hypertension	1.43e-05	0.000122	CcSEcCtD
Betamethasone—Dizziness—Telmisartan—hypertension	1.42e-05	0.000122	CcSEcCtD
Betamethasone—Pruritus—Hydrochlorothiazide—hypertension	1.42e-05	0.000122	CcSEcCtD
Betamethasone—Decreased appetite—Ramipril—hypertension	1.42e-05	0.000122	CcSEcCtD
Betamethasone—Asthenia—Furosemide—hypertension	1.42e-05	0.000121	CcSEcCtD
Betamethasone—Rash—Clonidine—hypertension	1.42e-05	0.000121	CcSEcCtD
Betamethasone—Dermatitis—Clonidine—hypertension	1.42e-05	0.000121	CcSEcCtD
Betamethasone—Anorexia—Lisinopril—hypertension	1.41e-05	0.000121	CcSEcCtD
Betamethasone—Gastrointestinal disorder—Ramipril—hypertension	1.41e-05	0.000121	CcSEcCtD
Betamethasone—Fatigue—Ramipril—hypertension	1.41e-05	0.000121	CcSEcCtD
Betamethasone—Headache—Clonidine—hypertension	1.41e-05	0.00012	CcSEcCtD
Betamethasone—Dyspepsia—Timolol—hypertension	1.41e-05	0.00012	CcSEcCtD
Betamethasone—Asthenia—Betaxolol—hypertension	1.4e-05	0.00012	CcSEcCtD
Betamethasone—Nausea—Valsartan—hypertension	1.4e-05	0.00012	CcSEcCtD
Betamethasone—Pruritus—Furosemide—hypertension	1.4e-05	0.00012	CcSEcCtD
Betamethasone—Nausea—Olmesartan—hypertension	1.39e-05	0.000119	CcSEcCtD
Betamethasone—Vomiting—Trandolapril—hypertension	1.39e-05	0.000119	CcSEcCtD
Betamethasone—Diarrhoea—Perindopril—hypertension	1.39e-05	0.000119	CcSEcCtD
Betamethasone—Decreased appetite—Timolol—hypertension	1.39e-05	0.000119	CcSEcCtD
Betamethasone—Dexamethasone—NR3C1—hypertension	1.39e-05	0.00473	CrCbGaD
Betamethasone—Vomiting—Enalapril—hypertension	1.39e-05	0.000119	CcSEcCtD
Betamethasone—Diarrhoea—Irbesartan—hypertension	1.39e-05	0.000119	CcSEcCtD
Betamethasone—Hypotension—Lisinopril—hypertension	1.39e-05	0.000119	CcSEcCtD
Betamethasone—Dizziness—Captopril—hypertension	1.38e-05	0.000118	CcSEcCtD
Betamethasone—Pruritus—Betaxolol—hypertension	1.38e-05	0.000118	CcSEcCtD
Betamethasone—Rash—Trandolapril—hypertension	1.38e-05	0.000118	CcSEcCtD
Betamethasone—Dermatitis—Trandolapril—hypertension	1.38e-05	0.000118	CcSEcCtD
Betamethasone—Gastrointestinal disorder—Timolol—hypertension	1.38e-05	0.000118	CcSEcCtD
Betamethasone—Fatigue—Timolol—hypertension	1.38e-05	0.000118	CcSEcCtD
Betamethasone—Rash—Enalapril—hypertension	1.38e-05	0.000118	CcSEcCtD
Betamethasone—Dermatitis—Enalapril—hypertension	1.37e-05	0.000118	CcSEcCtD
Betamethasone—Diarrhoea—Hydrochlorothiazide—hypertension	1.37e-05	0.000118	CcSEcCtD
Betamethasone—Headache—Trandolapril—hypertension	1.37e-05	0.000117	CcSEcCtD
Betamethasone—Vomiting—Telmisartan—hypertension	1.37e-05	0.000117	CcSEcCtD
Betamethasone—Asthenia—Losartan—hypertension	1.37e-05	0.000117	CcSEcCtD
Betamethasone—Headache—Enalapril—hypertension	1.37e-05	0.000117	CcSEcCtD
Betamethasone—Pain—Timolol—hypertension	1.37e-05	0.000117	CcSEcCtD
Betamethasone—Rash—Telmisartan—hypertension	1.36e-05	0.000116	CcSEcCtD
Betamethasone—Dermatitis—Telmisartan—hypertension	1.36e-05	0.000116	CcSEcCtD
Betamethasone—Diarrhoea—Furosemide—hypertension	1.35e-05	0.000116	CcSEcCtD
Betamethasone—Musculoskeletal discomfort—Lisinopril—hypertension	1.35e-05	0.000116	CcSEcCtD
Betamethasone—Pruritus—Losartan—hypertension	1.35e-05	0.000115	CcSEcCtD
Betamethasone—Headache—Telmisartan—hypertension	1.35e-05	0.000115	CcSEcCtD
Betamethasone—Feeling abnormal—Ramipril—hypertension	1.35e-05	0.000115	CcSEcCtD
Betamethasone—Dizziness—Perindopril—hypertension	1.34e-05	0.000115	CcSEcCtD
Betamethasone—Insomnia—Lisinopril—hypertension	1.34e-05	0.000115	CcSEcCtD
Betamethasone—Dizziness—Irbesartan—hypertension	1.34e-05	0.000115	CcSEcCtD
Betamethasone—Diarrhoea—Betaxolol—hypertension	1.34e-05	0.000115	CcSEcCtD
Betamethasone—Gastrointestinal pain—Ramipril—hypertension	1.34e-05	0.000114	CcSEcCtD
Betamethasone—Prednisone—ALB—hypertension	1.34e-05	0.00456	CrCbGaD
Betamethasone—Nausea—Clonidine—hypertension	1.33e-05	0.000114	CcSEcCtD
Betamethasone—Paraesthesia—Lisinopril—hypertension	1.33e-05	0.000114	CcSEcCtD
Betamethasone—Vomiting—Captopril—hypertension	1.33e-05	0.000114	CcSEcCtD
Betamethasone—Dizziness—Hydrochlorothiazide—hypertension	1.33e-05	0.000114	CcSEcCtD
Betamethasone—Rash—Captopril—hypertension	1.32e-05	0.000113	CcSEcCtD
Betamethasone—Dermatitis—Captopril—hypertension	1.32e-05	0.000113	CcSEcCtD
Betamethasone—Feeling abnormal—Timolol—hypertension	1.32e-05	0.000113	CcSEcCtD
Betamethasone—Headache—Captopril—hypertension	1.31e-05	0.000112	CcSEcCtD
Betamethasone—Gastrointestinal pain—Timolol—hypertension	1.31e-05	0.000112	CcSEcCtD
Betamethasone—Dizziness—Furosemide—hypertension	1.31e-05	0.000112	CcSEcCtD
Betamethasone—Dyspepsia—Lisinopril—hypertension	1.3e-05	0.000112	CcSEcCtD
Betamethasone—Diarrhoea—Losartan—hypertension	1.3e-05	0.000112	CcSEcCtD
Betamethasone—Nausea—Trandolapril—hypertension	1.3e-05	0.000111	CcSEcCtD
Betamethasone—Urticaria—Ramipril—hypertension	1.3e-05	0.000111	CcSEcCtD
Betamethasone—Nausea—Enalapril—hypertension	1.3e-05	0.000111	CcSEcCtD
Betamethasone—Dizziness—Betaxolol—hypertension	1.29e-05	0.000111	CcSEcCtD
Betamethasone—Vomiting—Perindopril—hypertension	1.29e-05	0.000111	CcSEcCtD
Betamethasone—Body temperature increased—Ramipril—hypertension	1.29e-05	0.000111	CcSEcCtD
Betamethasone—Abdominal pain—Ramipril—hypertension	1.29e-05	0.000111	CcSEcCtD
Betamethasone—Decreased appetite—Lisinopril—hypertension	1.29e-05	0.00011	CcSEcCtD
Betamethasone—Vomiting—Irbesartan—hypertension	1.29e-05	0.00011	CcSEcCtD
Betamethasone—Rash—Perindopril—hypertension	1.28e-05	0.00011	CcSEcCtD
Betamethasone—Dermatitis—Perindopril—hypertension	1.28e-05	0.00011	CcSEcCtD
Betamethasone—Gastrointestinal disorder—Lisinopril—hypertension	1.28e-05	0.00011	CcSEcCtD
Betamethasone—Nausea—Telmisartan—hypertension	1.28e-05	0.000109	CcSEcCtD
Betamethasone—Fatigue—Lisinopril—hypertension	1.28e-05	0.000109	CcSEcCtD
Betamethasone—Vomiting—Hydrochlorothiazide—hypertension	1.28e-05	0.000109	CcSEcCtD
Betamethasone—Rash—Irbesartan—hypertension	1.28e-05	0.000109	CcSEcCtD
Betamethasone—Dermatitis—Irbesartan—hypertension	1.28e-05	0.000109	CcSEcCtD
Betamethasone—Headache—Perindopril—hypertension	1.27e-05	0.000109	CcSEcCtD
Betamethasone—Urticaria—Timolol—hypertension	1.27e-05	0.000109	CcSEcCtD
Betamethasone—Headache—Irbesartan—hypertension	1.27e-05	0.000109	CcSEcCtD
Betamethasone—Pain—Lisinopril—hypertension	1.27e-05	0.000108	CcSEcCtD
Betamethasone—Rash—Hydrochlorothiazide—hypertension	1.27e-05	0.000108	CcSEcCtD
Betamethasone—Dermatitis—Hydrochlorothiazide—hypertension	1.27e-05	0.000108	CcSEcCtD
Betamethasone—Abdominal pain—Timolol—hypertension	1.26e-05	0.000108	CcSEcCtD
Betamethasone—Body temperature increased—Timolol—hypertension	1.26e-05	0.000108	CcSEcCtD
Betamethasone—Dexamethasone—CYP1A1—hypertension	1.26e-05	0.0043	CrCbGaD
Betamethasone—Dizziness—Losartan—hypertension	1.26e-05	0.000108	CcSEcCtD
Betamethasone—Headache—Hydrochlorothiazide—hypertension	1.26e-05	0.000108	CcSEcCtD
Betamethasone—Vomiting—Furosemide—hypertension	1.26e-05	0.000107	CcSEcCtD
Betamethasone—Rash—Furosemide—hypertension	1.25e-05	0.000107	CcSEcCtD
Betamethasone—Dermatitis—Furosemide—hypertension	1.24e-05	0.000106	CcSEcCtD
Betamethasone—Vomiting—Betaxolol—hypertension	1.24e-05	0.000106	CcSEcCtD
Betamethasone—Nausea—Captopril—hypertension	1.24e-05	0.000106	CcSEcCtD
Betamethasone—Headache—Furosemide—hypertension	1.24e-05	0.000106	CcSEcCtD
Betamethasone—Rash—Betaxolol—hypertension	1.23e-05	0.000106	CcSEcCtD
Betamethasone—Dermatitis—Betaxolol—hypertension	1.23e-05	0.000105	CcSEcCtD
Betamethasone—Headache—Betaxolol—hypertension	1.23e-05	0.000105	CcSEcCtD
Betamethasone—Feeling abnormal—Lisinopril—hypertension	1.22e-05	0.000105	CcSEcCtD
Betamethasone—Gastrointestinal pain—Lisinopril—hypertension	1.21e-05	0.000104	CcSEcCtD
Betamethasone—Vomiting—Losartan—hypertension	1.21e-05	0.000104	CcSEcCtD
Betamethasone—Nausea—Perindopril—hypertension	1.21e-05	0.000103	CcSEcCtD
Betamethasone—Nausea—Irbesartan—hypertension	1.2e-05	0.000103	CcSEcCtD
Betamethasone—Rash—Losartan—hypertension	1.2e-05	0.000103	CcSEcCtD
Betamethasone—Dermatitis—Losartan—hypertension	1.2e-05	0.000103	CcSEcCtD
Betamethasone—Headache—Losartan—hypertension	1.19e-05	0.000102	CcSEcCtD
Betamethasone—Nausea—Hydrochlorothiazide—hypertension	1.19e-05	0.000102	CcSEcCtD
Betamethasone—Urticaria—Lisinopril—hypertension	1.18e-05	0.000101	CcSEcCtD
Betamethasone—Nausea—Furosemide—hypertension	1.17e-05	0.0001	CcSEcCtD
Betamethasone—Asthenia—Ramipril—hypertension	1.17e-05	0.0001	CcSEcCtD
Betamethasone—Abdominal pain—Lisinopril—hypertension	1.17e-05	0.0001	CcSEcCtD
Betamethasone—Body temperature increased—Lisinopril—hypertension	1.17e-05	0.0001	CcSEcCtD
Betamethasone—Nausea—Betaxolol—hypertension	1.16e-05	9.94e-05	CcSEcCtD
Betamethasone—Pruritus—Ramipril—hypertension	1.16e-05	9.9e-05	CcSEcCtD
Betamethasone—Asthenia—Timolol—hypertension	1.15e-05	9.81e-05	CcSEcCtD
Betamethasone—Nausea—Losartan—hypertension	1.13e-05	9.69e-05	CcSEcCtD
Betamethasone—Pruritus—Timolol—hypertension	1.13e-05	9.67e-05	CcSEcCtD
Betamethasone—Diarrhoea—Ramipril—hypertension	1.12e-05	9.57e-05	CcSEcCtD
Betamethasone—Diarrhoea—Timolol—hypertension	1.09e-05	9.36e-05	CcSEcCtD
Betamethasone—Dizziness—Ramipril—hypertension	1.08e-05	9.25e-05	CcSEcCtD
Betamethasone—Asthenia—Lisinopril—hypertension	1.06e-05	9.1e-05	CcSEcCtD
Betamethasone—Dizziness—Timolol—hypertension	1.06e-05	9.04e-05	CcSEcCtD
Betamethasone—Pruritus—Lisinopril—hypertension	1.05e-05	8.97e-05	CcSEcCtD
Betamethasone—Vomiting—Ramipril—hypertension	1.04e-05	8.89e-05	CcSEcCtD
Betamethasone—Rash—Ramipril—hypertension	1.03e-05	8.82e-05	CcSEcCtD
Betamethasone—Dermatitis—Ramipril—hypertension	1.03e-05	8.81e-05	CcSEcCtD
Betamethasone—Headache—Ramipril—hypertension	1.02e-05	8.76e-05	CcSEcCtD
Betamethasone—Vomiting—Timolol—hypertension	1.02e-05	8.69e-05	CcSEcCtD
Betamethasone—Diarrhoea—Lisinopril—hypertension	1.01e-05	8.68e-05	CcSEcCtD
Betamethasone—Rash—Timolol—hypertension	1.01e-05	8.62e-05	CcSEcCtD
Betamethasone—Dermatitis—Timolol—hypertension	1.01e-05	8.61e-05	CcSEcCtD
Betamethasone—Headache—Timolol—hypertension	1e-05	8.57e-05	CcSEcCtD
Betamethasone—Dizziness—Lisinopril—hypertension	9.8e-06	8.39e-05	CcSEcCtD
Betamethasone—Nausea—Ramipril—hypertension	9.71e-06	8.31e-05	CcSEcCtD
Betamethasone—Nausea—Timolol—hypertension	9.49e-06	8.12e-05	CcSEcCtD
Betamethasone—Vomiting—Lisinopril—hypertension	9.43e-06	8.06e-05	CcSEcCtD
Betamethasone—Rash—Lisinopril—hypertension	9.35e-06	8e-05	CcSEcCtD
Betamethasone—Dermatitis—Lisinopril—hypertension	9.34e-06	7.99e-05	CcSEcCtD
Betamethasone—Headache—Lisinopril—hypertension	9.29e-06	7.95e-05	CcSEcCtD
Betamethasone—Nausea—Lisinopril—hypertension	8.81e-06	7.53e-05	CcSEcCtD
Betamethasone—Dexamethasone—PTGS2—hypertension	7.88e-06	0.00269	CrCbGaD
Betamethasone—NR3C1—Gene Expression—PPARG—hypertension	2.63e-06	4.52e-05	CbGpPWpGaD
Betamethasone—PTGS2—Metabolism—GOT1—hypertension	2.62e-06	4.51e-05	CbGpPWpGaD
Betamethasone—PGR—Gene Expression—MYC—hypertension	2.6e-06	4.46e-05	CbGpPWpGaD
Betamethasone—PGR—Signaling Pathways—FGF2—hypertension	2.58e-06	4.44e-05	CbGpPWpGaD
Betamethasone—PGR—Signaling Pathways—RHOA—hypertension	2.57e-06	4.42e-05	CbGpPWpGaD
Betamethasone—PGR—Signaling Pathways—PIK3R1—hypertension	2.55e-06	4.38e-05	CbGpPWpGaD
Betamethasone—PGR—Signaling Pathways—NOS3—hypertension	2.55e-06	4.38e-05	CbGpPWpGaD
Betamethasone—PTGS2—Metabolism—STK11—hypertension	2.55e-06	4.37e-05	CbGpPWpGaD
Betamethasone—PTGS2—Metabolism—CYP19A1—hypertension	2.55e-06	4.37e-05	CbGpPWpGaD
Betamethasone—PTGS2—Disease—LPL—hypertension	2.54e-06	4.36e-05	CbGpPWpGaD
Betamethasone—ABCB1—Metabolism—ALDH2—hypertension	2.53e-06	4.35e-05	CbGpPWpGaD
Betamethasone—CYP3A4—Metabolism—ALDH7A1—hypertension	2.53e-06	4.34e-05	CbGpPWpGaD
Betamethasone—CYP3A4—Metabolism—STS—hypertension	2.53e-06	4.34e-05	CbGpPWpGaD
Betamethasone—CYP3A4—Metabolism—PLCE1—hypertension	2.53e-06	4.34e-05	CbGpPWpGaD
Betamethasone—PTGS2—Disease—H2AFX—hypertension	2.52e-06	4.33e-05	CbGpPWpGaD
Betamethasone—PTGS2—Disease—PDGFRB—hypertension	2.51e-06	4.32e-05	CbGpPWpGaD
Betamethasone—PLA2G1B—Metabolism—AKT1—hypertension	2.51e-06	4.32e-05	CbGpPWpGaD
Betamethasone—PTGS2—Disease—ADCY5—hypertension	2.48e-06	4.27e-05	CbGpPWpGaD
Betamethasone—ABCB1—Metabolism—HBA1—hypertension	2.47e-06	4.24e-05	CbGpPWpGaD
Betamethasone—PTGS2—Disease—PRKCG—hypertension	2.47e-06	4.24e-05	CbGpPWpGaD
Betamethasone—ABCB1—Metabolism—CYP11A1—hypertension	2.45e-06	4.22e-05	CbGpPWpGaD
Betamethasone—PTGS2—Disease—PRKCA—hypertension	2.45e-06	4.21e-05	CbGpPWpGaD
Betamethasone—PTGS2—Disease—YWHAZ—hypertension	2.43e-06	4.18e-05	CbGpPWpGaD
Betamethasone—CYP3A4—Metabolism—CYP4A11—hypertension	2.42e-06	4.16e-05	CbGpPWpGaD
Betamethasone—CYP3A4—Metabolism—ARG2—hypertension	2.42e-06	4.16e-05	CbGpPWpGaD
Betamethasone—CYP3A4—Metabolism—CBS—hypertension	2.42e-06	4.16e-05	CbGpPWpGaD
Betamethasone—ABCB1—Metabolism—SLC9A1—hypertension	2.41e-06	4.14e-05	CbGpPWpGaD
Betamethasone—ABCB1—Metabolism—GSTT1—hypertension	2.41e-06	4.14e-05	CbGpPWpGaD
Betamethasone—PGR—Signaling Pathways—RELA—hypertension	2.4e-06	4.12e-05	CbGpPWpGaD
Betamethasone—PTGS2—Metabolism of lipids and lipoproteins—PTEN—hypertension	2.39e-06	4.11e-05	CbGpPWpGaD
Betamethasone—ABCB1—Metabolism—GCLC—hypertension	2.38e-06	4.09e-05	CbGpPWpGaD
Betamethasone—ABCB1—Metabolism—CETP—hypertension	2.38e-06	4.09e-05	CbGpPWpGaD
Betamethasone—CYP3A4—Metabolism—XDH—hypertension	2.37e-06	4.08e-05	CbGpPWpGaD
Betamethasone—NR3C1—Gene Expression—SERPINE1—hypertension	2.37e-06	4.08e-05	CbGpPWpGaD
Betamethasone—PTGS2—Metabolism—COMT—hypertension	2.37e-06	4.07e-05	CbGpPWpGaD
Betamethasone—PGR—Signaling Pathways—MTOR—hypertension	2.35e-06	4.04e-05	CbGpPWpGaD
Betamethasone—ABCB1—Integrated Pancreatic Cancer Pathway—AKT1—hypertension	2.34e-06	4.02e-05	CbGpPWpGaD
Betamethasone—PTGS2—Disease—CCR5—hypertension	2.34e-06	4.02e-05	CbGpPWpGaD
Betamethasone—PTGS2—Disease—PRKCD—hypertension	2.34e-06	4.02e-05	CbGpPWpGaD
Betamethasone—PTGS2—Metabolism—GNB3—hypertension	2.33e-06	4.01e-05	CbGpPWpGaD
Betamethasone—PTGS2—Metabolism—PPARGC1A—hypertension	2.33e-06	4.01e-05	CbGpPWpGaD
Betamethasone—CYP3A4—Metabolism—PTGIS—hypertension	2.33e-06	4.01e-05	CbGpPWpGaD
Betamethasone—CYP3A4—Metabolism—SLC5A2—hypertension	2.33e-06	4.01e-05	CbGpPWpGaD
Betamethasone—CYP3A4—Metabolism—CYP3A5—hypertension	2.33e-06	4.01e-05	CbGpPWpGaD
Betamethasone—PTGS2—Metabolism—HMOX1—hypertension	2.32e-06	3.99e-05	CbGpPWpGaD
Betamethasone—CYP19A1—Metabolism—PPARG—hypertension	2.32e-06	3.99e-05	CbGpPWpGaD
Betamethasone—PTGS2—Metabolism—CAT—hypertension	2.29e-06	3.94e-05	CbGpPWpGaD
Betamethasone—CYP19A1—Metabolism—POMC—hypertension	2.29e-06	3.93e-05	CbGpPWpGaD
Betamethasone—PTGS2—Disease—MTHFR—hypertension	2.28e-06	3.93e-05	CbGpPWpGaD
Betamethasone—ABCB1—Metabolism—CYP17A1—hypertension	2.28e-06	3.92e-05	CbGpPWpGaD
Betamethasone—PTGS2—Metabolism of lipids and lipoproteins—EP300—hypertension	2.28e-06	3.92e-05	CbGpPWpGaD
Betamethasone—CYP19A1—Metabolism—INS—hypertension	2.28e-06	3.91e-05	CbGpPWpGaD
Betamethasone—PTGS2—Metabolism—GNAS—hypertension	2.27e-06	3.91e-05	CbGpPWpGaD
Betamethasone—PGR—Signaling Pathways—CXCL8—hypertension	2.26e-06	3.88e-05	CbGpPWpGaD
Betamethasone—ABCB1—Metabolism—ENO1—hypertension	2.26e-06	3.88e-05	CbGpPWpGaD
Betamethasone—ABCB1—Metabolism—PTGS1—hypertension	2.26e-06	3.88e-05	CbGpPWpGaD
Betamethasone—CYP3A4—Metabolism—UCP2—hypertension	2.25e-06	3.87e-05	CbGpPWpGaD
Betamethasone—CYP3A4—Metabolism—ABCC1—hypertension	2.25e-06	3.87e-05	CbGpPWpGaD
Betamethasone—CYP3A4—Metabolism—UCP3—hypertension	2.25e-06	3.87e-05	CbGpPWpGaD
Betamethasone—CYP3A4—Metabolism—TPH1—hypertension	2.25e-06	3.87e-05	CbGpPWpGaD
Betamethasone—CYP3A4—Metabolism—HSD11B1—hypertension	2.25e-06	3.87e-05	CbGpPWpGaD
Betamethasone—PTGS2—Metabolism—APOB—hypertension	2.22e-06	3.82e-05	CbGpPWpGaD
Betamethasone—PTGS2—Disease—PDGFB—hypertension	2.22e-06	3.82e-05	CbGpPWpGaD
Betamethasone—PTGS2—Disease—FGFR1—hypertension	2.21e-06	3.8e-05	CbGpPWpGaD
Betamethasone—CYP3A4—Metabolism—CYP11B2—hypertension	2.18e-06	3.75e-05	CbGpPWpGaD
Betamethasone—CYP3A4—Metabolism—ALAS1—hypertension	2.18e-06	3.75e-05	CbGpPWpGaD
Betamethasone—CYP3A4—Metabolism—SLC2A3—hypertension	2.18e-06	3.75e-05	CbGpPWpGaD
Betamethasone—PTGS2—Disease—HIF1A—hypertension	2.18e-06	3.74e-05	CbGpPWpGaD
Betamethasone—ABCB1—Metabolism—CTGF—hypertension	2.17e-06	3.73e-05	CbGpPWpGaD
Betamethasone—PTGS2—Metabolism—GSTM1—hypertension	2.16e-06	3.72e-05	CbGpPWpGaD
Betamethasone—ABCB1—Metabolism—HMGCR—hypertension	2.15e-06	3.7e-05	CbGpPWpGaD
Betamethasone—ABCB1—Metabolism—GOT2—hypertension	2.15e-06	3.7e-05	CbGpPWpGaD
Betamethasone—CYP3A4—Metabolism—HSD3B1—hypertension	2.15e-06	3.69e-05	CbGpPWpGaD
Betamethasone—CYP3A4—Metabolism—ADA—hypertension	2.15e-06	3.69e-05	CbGpPWpGaD
Betamethasone—PTGS2—Disease—CALM1—hypertension	2.13e-06	3.67e-05	CbGpPWpGaD
Betamethasone—PTGS2—Disease—APOE—hypertension	2.13e-06	3.65e-05	CbGpPWpGaD
Betamethasone—PTGS2—Metabolism—LPL—hypertension	2.12e-06	3.65e-05	CbGpPWpGaD
Betamethasone—CYP3A4—Metabolism—AQP1—hypertension	2.12e-06	3.64e-05	CbGpPWpGaD
Betamethasone—CYP3A4—Metabolism—FADS1—hypertension	2.12e-06	3.64e-05	CbGpPWpGaD
Betamethasone—ABCB1—Transmembrane transport of small molecules—ALB—hypertension	2.11e-06	3.63e-05	CbGpPWpGaD
Betamethasone—ABCB1—Metabolism—ADRA2A—hypertension	2.11e-06	3.62e-05	CbGpPWpGaD
Betamethasone—PTGS2—Disease—CAV1—hypertension	2.11e-06	3.62e-05	CbGpPWpGaD
Betamethasone—PTGS2—Disease—APOA1—hypertension	2.1e-06	3.61e-05	CbGpPWpGaD
Betamethasone—CYP19A1—Metabolism—ALB—hypertension	2.09e-06	3.59e-05	CbGpPWpGaD
Betamethasone—PTGS2—Metabolism—ADCY5—hypertension	2.08e-06	3.57e-05	CbGpPWpGaD
Betamethasone—PTGS2—Metabolism—GPX1—hypertension	2.07e-06	3.56e-05	CbGpPWpGaD
Betamethasone—CYP3A4—Metabolism—TBXAS1—hypertension	2.06e-06	3.54e-05	CbGpPWpGaD
Betamethasone—CYP3A4—Metabolism—CA9—hypertension	2.06e-06	3.54e-05	CbGpPWpGaD
Betamethasone—PTGS2—Metabolism—PRKCA—hypertension	2.05e-06	3.53e-05	CbGpPWpGaD
Betamethasone—PTGS2—Metabolism—CYP1A1—hypertension	2.05e-06	3.53e-05	CbGpPWpGaD
Betamethasone—PGR—Signaling Pathways—MMP9—hypertension	2.04e-06	3.51e-05	CbGpPWpGaD
Betamethasone—PGR—Signaling Pathways—CDKN1A—hypertension	2.04e-06	3.5e-05	CbGpPWpGaD
Betamethasone—PGR—Signaling Pathways—PTEN—hypertension	2.03e-06	3.49e-05	CbGpPWpGaD
Betamethasone—PTGS2—Metabolism—CD36—hypertension	2.02e-06	3.47e-05	CbGpPWpGaD
Betamethasone—CYP3A4—Metabolism—ALOX5AP—hypertension	2.01e-06	3.45e-05	CbGpPWpGaD
Betamethasone—CYP3A4—Metabolism—ALOX15—hypertension	2.01e-06	3.45e-05	CbGpPWpGaD
Betamethasone—CYP19A1—Metabolism—NOS3—hypertension	2e-06	3.43e-05	CbGpPWpGaD
Betamethasone—CYP19A1—Metabolism—PIK3R1—hypertension	2e-06	3.43e-05	CbGpPWpGaD
Betamethasone—PGR—Signaling Pathways—MAPK8—hypertension	1.99e-06	3.42e-05	CbGpPWpGaD
Betamethasone—PTGS2—Disease—NOS2—hypertension	1.98e-06	3.41e-05	CbGpPWpGaD
Betamethasone—ABCB1—Metabolism—TH—hypertension	1.97e-06	3.39e-05	CbGpPWpGaD
Betamethasone—ABCB1—Metabolism—CALM2—hypertension	1.97e-06	3.38e-05	CbGpPWpGaD
Betamethasone—PTGS2—Disease—NOTCH1—hypertension	1.96e-06	3.37e-05	CbGpPWpGaD
Betamethasone—CYP3A4—Metabolism—HADHA—hypertension	1.96e-06	3.37e-05	CbGpPWpGaD
Betamethasone—CYP3A4—Metabolism—LHB—hypertension	1.96e-06	3.37e-05	CbGpPWpGaD
Betamethasone—PGR—Signaling Pathways—EP300—hypertension	1.94e-06	3.33e-05	CbGpPWpGaD
Betamethasone—ABCB1—Metabolism—SLC2A4—hypertension	1.92e-06	3.3e-05	CbGpPWpGaD
Betamethasone—ABCB1—Metabolism—GCG—hypertension	1.92e-06	3.3e-05	CbGpPWpGaD
Betamethasone—CYP3A4—Metabolism—LPA—hypertension	1.91e-06	3.29e-05	CbGpPWpGaD
Betamethasone—CYP3A4—Metabolism—KCNJ11—hypertension	1.91e-06	3.29e-05	CbGpPWpGaD
Betamethasone—CYP3A4—Metabolism—HSD3B2—hypertension	1.91e-06	3.29e-05	CbGpPWpGaD
Betamethasone—PTGS2—Metabolism—MTHFR—hypertension	1.91e-06	3.29e-05	CbGpPWpGaD
Betamethasone—PGR—Signaling Pathways—SRC—hypertension	1.88e-06	3.24e-05	CbGpPWpGaD
Betamethasone—PTGS2—Metabolism—PPARA—hypertension	1.88e-06	3.23e-05	CbGpPWpGaD
Betamethasone—ABCB1—Metabolism—GOT1—hypertension	1.86e-06	3.19e-05	CbGpPWpGaD
Betamethasone—CYP3A4—Metabolism—LRP2—hypertension	1.83e-06	3.15e-05	CbGpPWpGaD
Betamethasone—CYP3A4—Metabolism—CYP2C18—hypertension	1.83e-06	3.15e-05	CbGpPWpGaD
Betamethasone—PGR—Signaling Pathways—VEGFA—hypertension	1.83e-06	3.15e-05	CbGpPWpGaD
Betamethasone—CYP19A1—Metabolism—PTGS2—hypertension	1.83e-06	3.14e-05	CbGpPWpGaD
Betamethasone—PTGS2—Metabolism—AGT—hypertension	1.82e-06	3.12e-05	CbGpPWpGaD
Betamethasone—PTGS2—Disease—INS—hypertension	1.82e-06	3.12e-05	CbGpPWpGaD
Betamethasone—ABCB1—Metabolism—STK11—hypertension	1.8e-06	3.1e-05	CbGpPWpGaD
Betamethasone—ABCB1—Metabolism—CYP19A1—hypertension	1.8e-06	3.1e-05	CbGpPWpGaD
Betamethasone—PGR—Gene Expression—AKT1—hypertension	1.8e-06	3.09e-05	CbGpPWpGaD
Betamethasone—PTGS2—Metabolism—CALM1—hypertension	1.79e-06	3.07e-05	CbGpPWpGaD
Betamethasone—PTGS2—Metabolism—APOE—hypertension	1.78e-06	3.06e-05	CbGpPWpGaD
Betamethasone—CYP3A4—Metabolism—HSPG2—hypertension	1.77e-06	3.04e-05	CbGpPWpGaD
Betamethasone—PTGS2—Metabolism—CAV1—hypertension	1.76e-06	3.03e-05	CbGpPWpGaD
Betamethasone—PTGS2—Metabolism—APOA1—hypertension	1.76e-06	3.03e-05	CbGpPWpGaD
Betamethasone—PTGS2—Disease—AKT2—hypertension	1.76e-06	3.02e-05	CbGpPWpGaD
Betamethasone—CYP3A4—Metabolism—ALOX5—hypertension	1.71e-06	2.93e-05	CbGpPWpGaD
Betamethasone—CYP3A4—Metabolism—GLP1R—hypertension	1.71e-06	2.93e-05	CbGpPWpGaD
Betamethasone—PGR—Signaling Pathways—MYC—hypertension	1.69e-06	2.9e-05	CbGpPWpGaD
Betamethasone—PGR—Signaling Pathways—TGFB1—hypertension	1.68e-06	2.89e-05	CbGpPWpGaD
Betamethasone—ABCB1—Metabolism—COMT—hypertension	1.68e-06	2.88e-05	CbGpPWpGaD
Betamethasone—PTGS2—Disease—SERPINE1—hypertension	1.67e-06	2.87e-05	CbGpPWpGaD
Betamethasone—ABCB1—Metabolism—GNB3—hypertension	1.65e-06	2.84e-05	CbGpPWpGaD
Betamethasone—ABCB1—Metabolism—PPARGC1A—hypertension	1.65e-06	2.84e-05	CbGpPWpGaD
Betamethasone—PGR—Signaling Pathways—EGFR—hypertension	1.65e-06	2.84e-05	CbGpPWpGaD
Betamethasone—ABCB1—Metabolism—HMOX1—hypertension	1.65e-06	2.83e-05	CbGpPWpGaD
Betamethasone—ABCB1—Metabolism—CAT—hypertension	1.62e-06	2.79e-05	CbGpPWpGaD
Betamethasone—PTGS2—Disease—FGF2—hypertension	1.62e-06	2.78e-05	CbGpPWpGaD
Betamethasone—ABCB1—Metabolism—GNAS—hypertension	1.61e-06	2.77e-05	CbGpPWpGaD
Betamethasone—PTGS2—Disease—RHOA—hypertension	1.61e-06	2.77e-05	CbGpPWpGaD
Betamethasone—PTGS2—Disease—PIK3R1—hypertension	1.59e-06	2.74e-05	CbGpPWpGaD
Betamethasone—PTGS2—Disease—NOS3—hypertension	1.59e-06	2.74e-05	CbGpPWpGaD
Betamethasone—CYP19A1—Metabolism—PTEN—hypertension	1.59e-06	2.74e-05	CbGpPWpGaD
Betamethasone—ABCB1—Metabolism—APOB—hypertension	1.58e-06	2.71e-05	CbGpPWpGaD
Betamethasone—CYP3A4—Metabolism—ALDH2—hypertension	1.56e-06	2.68e-05	CbGpPWpGaD
Betamethasone—PTGS2—Metabolism—PPARG—hypertension	1.55e-06	2.67e-05	CbGpPWpGaD
Betamethasone—ABCB1—Metabolism—GSTM1—hypertension	1.53e-06	2.64e-05	CbGpPWpGaD
Betamethasone—PTGS2—Metabolism—POMC—hypertension	1.53e-06	2.63e-05	CbGpPWpGaD
Betamethasone—PTGS2—Metabolism—INS—hypertension	1.52e-06	2.61e-05	CbGpPWpGaD
Betamethasone—CYP3A4—Metabolism—HBA1—hypertension	1.52e-06	2.61e-05	CbGpPWpGaD
Betamethasone—CYP19A1—Metabolism—EP300—hypertension	1.52e-06	2.61e-05	CbGpPWpGaD
Betamethasone—CYP3A4—Metabolism—CYP11A1—hypertension	1.51e-06	2.6e-05	CbGpPWpGaD
Betamethasone—ABCB1—Metabolism—LPL—hypertension	1.51e-06	2.59e-05	CbGpPWpGaD
Betamethasone—NR3C1—Gene Expression—MYC—hypertension	1.5e-06	2.58e-05	CbGpPWpGaD
Betamethasone—CYP3A4—Metabolism—SLC9A1—hypertension	1.48e-06	2.55e-05	CbGpPWpGaD
Betamethasone—CYP3A4—Metabolism—GSTT1—hypertension	1.48e-06	2.55e-05	CbGpPWpGaD
Betamethasone—ABCB1—Metabolism—ADCY5—hypertension	1.47e-06	2.53e-05	CbGpPWpGaD
Betamethasone—PTGS2—Disease—MTOR—hypertension	1.47e-06	2.53e-05	CbGpPWpGaD
Betamethasone—ABCB1—Metabolism—GPX1—hypertension	1.47e-06	2.53e-05	CbGpPWpGaD
Betamethasone—CYP3A4—Metabolism—GCLC—hypertension	1.47e-06	2.52e-05	CbGpPWpGaD
Betamethasone—CYP3A4—Metabolism—CETP—hypertension	1.47e-06	2.52e-05	CbGpPWpGaD
Betamethasone—ABCB1—Metabolism—PRKCA—hypertension	1.45e-06	2.5e-05	CbGpPWpGaD
Betamethasone—ABCB1—Metabolism—CYP1A1—hypertension	1.45e-06	2.5e-05	CbGpPWpGaD
Betamethasone—ABCB1—Metabolism—CD36—hypertension	1.43e-06	2.46e-05	CbGpPWpGaD
Betamethasone—CYP3A4—Metabolism—CYP17A1—hypertension	1.4e-06	2.41e-05	CbGpPWpGaD
Betamethasone—PTGS2—Metabolism—ALB—hypertension	1.39e-06	2.4e-05	CbGpPWpGaD
Betamethasone—CYP3A4—Metabolism—PTGS1—hypertension	1.39e-06	2.39e-05	CbGpPWpGaD
Betamethasone—CYP3A4—Metabolism—ENO1—hypertension	1.39e-06	2.39e-05	CbGpPWpGaD
Betamethasone—PGR—Signaling Pathways—TP53—hypertension	1.39e-06	2.38e-05	CbGpPWpGaD
Betamethasone—ABCB1—Metabolism—MTHFR—hypertension	1.36e-06	2.33e-05	CbGpPWpGaD
Betamethasone—CYP3A4—Metabolism—CTGF—hypertension	1.34e-06	2.3e-05	CbGpPWpGaD
Betamethasone—PTGS2—Metabolism—PIK3R1—hypertension	1.33e-06	2.29e-05	CbGpPWpGaD
Betamethasone—PTGS2—Metabolism—NOS3—hypertension	1.33e-06	2.29e-05	CbGpPWpGaD
Betamethasone—ABCB1—Metabolism—PPARA—hypertension	1.33e-06	2.29e-05	CbGpPWpGaD
Betamethasone—CYP3A4—Metabolism—HMGCR—hypertension	1.33e-06	2.28e-05	CbGpPWpGaD
Betamethasone—CYP3A4—Metabolism—GOT2—hypertension	1.33e-06	2.28e-05	CbGpPWpGaD
Betamethasone—CYP3A4—Metabolism—ADRA2A—hypertension	1.3e-06	2.23e-05	CbGpPWpGaD
Betamethasone—ABCB1—Metabolism—AGT—hypertension	1.29e-06	2.21e-05	CbGpPWpGaD
Betamethasone—PTGS2—Disease—CDKN1A—hypertension	1.27e-06	2.19e-05	CbGpPWpGaD
Betamethasone—PTGS2—Disease—PTEN—hypertension	1.27e-06	2.18e-05	CbGpPWpGaD
Betamethasone—PGR—Signaling Pathways—IL6—hypertension	1.27e-06	2.18e-05	CbGpPWpGaD
Betamethasone—ABCB1—Metabolism—CALM1—hypertension	1.27e-06	2.18e-05	CbGpPWpGaD
Betamethasone—ABCB1—Metabolism—APOE—hypertension	1.26e-06	2.17e-05	CbGpPWpGaD
Betamethasone—ABCB1—Metabolism—CAV1—hypertension	1.25e-06	2.15e-05	CbGpPWpGaD
Betamethasone—ABCB1—Metabolism—APOA1—hypertension	1.25e-06	2.14e-05	CbGpPWpGaD
Betamethasone—CYP3A4—Metabolism—TH—hypertension	1.22e-06	2.09e-05	CbGpPWpGaD
Betamethasone—PTGS2—Disease—EP300—hypertension	1.21e-06	2.08e-05	CbGpPWpGaD
Betamethasone—CYP3A4—Metabolism—CALM2—hypertension	1.21e-06	2.08e-05	CbGpPWpGaD
Betamethasone—CYP3A4—Metabolism—SLC2A4—hypertension	1.18e-06	2.03e-05	CbGpPWpGaD
Betamethasone—CYP3A4—Metabolism—GCG—hypertension	1.18e-06	2.03e-05	CbGpPWpGaD
Betamethasone—PTGS2—Disease—SRC—hypertension	1.18e-06	2.03e-05	CbGpPWpGaD
Betamethasone—PGR—Signaling Pathways—AKT1—hypertension	1.17e-06	2.01e-05	CbGpPWpGaD
Betamethasone—CYP3A4—Metabolism—GOT1—hypertension	1.15e-06	1.97e-05	CbGpPWpGaD
Betamethasone—CYP3A4—Metabolism—STK11—hypertension	1.11e-06	1.91e-05	CbGpPWpGaD
Betamethasone—CYP3A4—Metabolism—CYP19A1—hypertension	1.11e-06	1.91e-05	CbGpPWpGaD
Betamethasone—ABCB1—Metabolism—PPARG—hypertension	1.1e-06	1.89e-05	CbGpPWpGaD
Betamethasone—ABCB1—Metabolism—POMC—hypertension	1.08e-06	1.86e-05	CbGpPWpGaD
Betamethasone—ABCB1—Metabolism—INS—hypertension	1.08e-06	1.85e-05	CbGpPWpGaD
Betamethasone—PTGS2—Metabolism—PTEN—hypertension	1.06e-06	1.83e-05	CbGpPWpGaD
Betamethasone—PTGS2—Disease—MYC—hypertension	1.06e-06	1.81e-05	CbGpPWpGaD
Betamethasone—PTGS2—Disease—TGFB1—hypertension	1.05e-06	1.81e-05	CbGpPWpGaD
Betamethasone—NR3C1—Gene Expression—AKT1—hypertension	1.04e-06	1.79e-05	CbGpPWpGaD
Betamethasone—CYP3A4—Metabolism—COMT—hypertension	1.03e-06	1.78e-05	CbGpPWpGaD
Betamethasone—PTGS2—Disease—EGFR—hypertension	1.03e-06	1.78e-05	CbGpPWpGaD
Betamethasone—CYP3A4—Metabolism—GNB3—hypertension	1.02e-06	1.75e-05	CbGpPWpGaD
Betamethasone—CYP3A4—Metabolism—PPARGC1A—hypertension	1.02e-06	1.75e-05	CbGpPWpGaD
Betamethasone—PTGS2—Metabolism—EP300—hypertension	1.01e-06	1.74e-05	CbGpPWpGaD
Betamethasone—CYP3A4—Metabolism—HMOX1—hypertension	1.01e-06	1.74e-05	CbGpPWpGaD
Betamethasone—CYP3A4—Metabolism—CAT—hypertension	1e-06	1.72e-05	CbGpPWpGaD
Betamethasone—CYP3A4—Metabolism—GNAS—hypertension	9.92e-07	1.71e-05	CbGpPWpGaD
Betamethasone—ABCB1—Metabolism—ALB—hypertension	9.89e-07	1.7e-05	CbGpPWpGaD
Betamethasone—CYP3A4—Metabolism—APOB—hypertension	9.72e-07	1.67e-05	CbGpPWpGaD
Betamethasone—ABCB1—Metabolism—NOS3—hypertension	9.46e-07	1.63e-05	CbGpPWpGaD
Betamethasone—ABCB1—Metabolism—PIK3R1—hypertension	9.46e-07	1.63e-05	CbGpPWpGaD
Betamethasone—CYP3A4—Metabolism—GSTM1—hypertension	9.45e-07	1.62e-05	CbGpPWpGaD
Betamethasone—CYP3A4—Metabolism—LPL—hypertension	9.28e-07	1.59e-05	CbGpPWpGaD
Betamethasone—CYP19A1—Metabolism—AKT1—hypertension	9.18e-07	1.58e-05	CbGpPWpGaD
Betamethasone—CYP3A4—Metabolism—ADCY5—hypertension	9.08e-07	1.56e-05	CbGpPWpGaD
Betamethasone—CYP3A4—Metabolism—GPX1—hypertension	9.05e-07	1.56e-05	CbGpPWpGaD
Betamethasone—CYP3A4—Metabolism—PRKCA—hypertension	8.96e-07	1.54e-05	CbGpPWpGaD
Betamethasone—CYP3A4—Metabolism—CYP1A1—hypertension	8.96e-07	1.54e-05	CbGpPWpGaD
Betamethasone—CYP3A4—Metabolism—CD36—hypertension	8.82e-07	1.52e-05	CbGpPWpGaD
Betamethasone—ABCB1—Metabolism—PTGS2—hypertension	8.65e-07	1.49e-05	CbGpPWpGaD
Betamethasone—CYP3A4—Metabolism—MTHFR—hypertension	8.35e-07	1.44e-05	CbGpPWpGaD
Betamethasone—CYP3A4—Metabolism—PPARA—hypertension	8.2e-07	1.41e-05	CbGpPWpGaD
Betamethasone—CYP3A4—Metabolism—AGT—hypertension	7.94e-07	1.36e-05	CbGpPWpGaD
Betamethasone—PTGS2—Disease—IL6—hypertension	7.94e-07	1.36e-05	CbGpPWpGaD
Betamethasone—CYP3A4—Metabolism—CALM1—hypertension	7.8e-07	1.34e-05	CbGpPWpGaD
Betamethasone—CYP3A4—Metabolism—APOE—hypertension	7.78e-07	1.34e-05	CbGpPWpGaD
Betamethasone—CYP3A4—Metabolism—CAV1—hypertension	7.71e-07	1.32e-05	CbGpPWpGaD
Betamethasone—CYP3A4—Metabolism—APOA1—hypertension	7.69e-07	1.32e-05	CbGpPWpGaD
Betamethasone—ABCB1—Metabolism—PTEN—hypertension	7.54e-07	1.3e-05	CbGpPWpGaD
Betamethasone—PTGS2—Disease—AKT1—hypertension	7.32e-07	1.26e-05	CbGpPWpGaD
Betamethasone—ABCB1—Metabolism—EP300—hypertension	7.19e-07	1.24e-05	CbGpPWpGaD
Betamethasone—CYP3A4—Metabolism—PPARG—hypertension	6.77e-07	1.16e-05	CbGpPWpGaD
Betamethasone—CYP3A4—Metabolism—POMC—hypertension	6.68e-07	1.15e-05	CbGpPWpGaD
Betamethasone—CYP3A4—Metabolism—INS—hypertension	6.64e-07	1.14e-05	CbGpPWpGaD
Betamethasone—PTGS2—Metabolism—AKT1—hypertension	6.13e-07	1.05e-05	CbGpPWpGaD
Betamethasone—CYP3A4—Metabolism—ALB—hypertension	6.09e-07	1.05e-05	CbGpPWpGaD
Betamethasone—CYP3A4—Metabolism—PIK3R1—hypertension	5.83e-07	1e-05	CbGpPWpGaD
Betamethasone—CYP3A4—Metabolism—NOS3—hypertension	5.83e-07	1e-05	CbGpPWpGaD
Betamethasone—CYP3A4—Metabolism—PTGS2—hypertension	5.33e-07	9.16e-06	CbGpPWpGaD
Betamethasone—CYP3A4—Metabolism—PTEN—hypertension	4.65e-07	7.99e-06	CbGpPWpGaD
Betamethasone—CYP3A4—Metabolism—EP300—hypertension	4.43e-07	7.62e-06	CbGpPWpGaD
Betamethasone—ABCB1—Metabolism—AKT1—hypertension	4.35e-07	7.47e-06	CbGpPWpGaD
Betamethasone—CYP3A4—Metabolism—AKT1—hypertension	2.68e-07	4.6e-06	CbGpPWpGaD
