nodes	percent_of_prediction	percent_of_DWPC	metapath
Sevoflurane—CYP2A6—stomach cancer	0.379	0.719	CbGaD
Sevoflurane—ALB—stomach cancer	0.148	0.281	CbGaD
Sevoflurane—CYP2A6—Fluorouracil—stomach cancer	0.0341	0.239	CbGbCtD
Sevoflurane—CYP2B6—Irinotecan—stomach cancer	0.0231	0.162	CbGbCtD
Sevoflurane—ALB—Irinotecan—stomach cancer	0.0227	0.159	CbGbCtD
Sevoflurane—ALB—Fluorouracil—stomach cancer	0.0218	0.153	CbGbCtD
Sevoflurane—CYP2B6—Doxorubicin—stomach cancer	0.0126	0.0887	CbGbCtD
Sevoflurane—ALB—Methotrexate—stomach cancer	0.012	0.0842	CbGbCtD
Sevoflurane—CYP3A4—Irinotecan—stomach cancer	0.00711	0.0499	CbGbCtD
Sevoflurane—CYP3A4—Docetaxel—stomach cancer	0.00521	0.0365	CbGbCtD
Sevoflurane—CYP3A4—Doxorubicin—stomach cancer	0.00388	0.0272	CbGbCtD
Sevoflurane—ND1—gall bladder—stomach cancer	0.00303	0.0627	CbGeAlD
Sevoflurane—KCNK10—pancreas—stomach cancer	0.00224	0.0462	CbGeAlD
Sevoflurane—KCNK3—pancreas—stomach cancer	0.00202	0.0417	CbGeAlD
Sevoflurane—ND1—hematopoietic system—stomach cancer	0.00172	0.0355	CbGeAlD
Sevoflurane—ALB—gall bladder—stomach cancer	0.00165	0.034	CbGeAlD
Sevoflurane—KCNK10—endocrine gland—stomach cancer	0.00158	0.0326	CbGeAlD
Sevoflurane—ND1—smooth muscle tissue—stomach cancer	0.00151	0.0313	CbGeAlD
Sevoflurane—KCNK3—endocrine gland—stomach cancer	0.00142	0.0294	CbGeAlD
Sevoflurane—ND1—pancreas—stomach cancer	0.0014	0.0289	CbGeAlD
Sevoflurane—ATP2C1—hematopoietic system—stomach cancer	0.00137	0.0282	CbGeAlD
Sevoflurane—ATP5D—smooth muscle tissue—stomach cancer	0.00122	0.0252	CbGeAlD
Sevoflurane—ND1—lymphoid tissue—stomach cancer	0.00121	0.025	CbGeAlD
Sevoflurane—ATP2C1—smooth muscle tissue—stomach cancer	0.0012	0.0249	CbGeAlD
Sevoflurane—ND1—digestive system—stomach cancer	0.00119	0.0247	CbGeAlD
Sevoflurane—GRIA1—endocrine gland—stomach cancer	0.00115	0.0237	CbGeAlD
Sevoflurane—ATP5D—pancreas—stomach cancer	0.00113	0.0233	CbGeAlD
Sevoflurane—ND1—bone marrow—stomach cancer	0.0011	0.0228	CbGeAlD
Sevoflurane—KCNK2—lymph node—stomach cancer	0.00102	0.0211	CbGeAlD
Sevoflurane—ND1—endocrine gland—stomach cancer	0.000987	0.0204	CbGeAlD
Sevoflurane—ATP5D—digestive system—stomach cancer	0.000963	0.0199	CbGeAlD
Sevoflurane—ATP2C1—lymphoid tissue—stomach cancer	0.000962	0.0199	CbGeAlD
Sevoflurane—ATP2C1—digestive system—stomach cancer	0.00095	0.0196	CbGeAlD
Sevoflurane—ND1—liver—stomach cancer	0.00089	0.0184	CbGeAlD
Sevoflurane—ATP5D—bone marrow—stomach cancer	0.000887	0.0183	CbGeAlD
Sevoflurane—ATP2C1—bone marrow—stomach cancer	0.000876	0.0181	CbGeAlD
Sevoflurane—ATP5D—endocrine gland—stomach cancer	0.000795	0.0164	CbGeAlD
Sevoflurane—GABRA3—endocrine gland—stomach cancer	0.000795	0.0164	CbGeAlD
Sevoflurane—ATP2C1—endocrine gland—stomach cancer	0.000785	0.0162	CbGeAlD
Sevoflurane—ATP5D—liver—stomach cancer	0.000717	0.0148	CbGeAlD
Sevoflurane—ATP2C1—liver—stomach cancer	0.000708	0.0146	CbGeAlD
Sevoflurane—GABRB3—pancreas—stomach cancer	0.000706	0.0146	CbGeAlD
Sevoflurane—ND1—lymph node—stomach cancer	0.000682	0.0141	CbGeAlD
Sevoflurane—CYP2A6—liver—stomach cancer	0.000604	0.0125	CbGeAlD
Sevoflurane—CYP2B6—hematopoietic system—stomach cancer	0.000588	0.0121	CbGeAlD
Sevoflurane—CYP2E1—hematopoietic system—stomach cancer	0.000551	0.0114	CbGeAlD
Sevoflurane—ATP5D—lymph node—stomach cancer	0.00055	0.0114	CbGeAlD
Sevoflurane—ATP2C1—lymph node—stomach cancer	0.000543	0.0112	CbGeAlD
Sevoflurane—GABRB3—endocrine gland—stomach cancer	0.000498	0.0103	CbGeAlD
Sevoflurane—ALB—liver—stomach cancer	0.000483	0.00998	CbGeAlD
Sevoflurane—GABRB3—liver—stomach cancer	0.000449	0.00928	CbGeAlD
Sevoflurane—CYP3A4—hematopoietic system—stomach cancer	0.000444	0.00917	CbGeAlD
Sevoflurane—CYP2B6—lymphoid tissue—stomach cancer	0.000414	0.00855	CbGeAlD
Sevoflurane—GABRA2—lymph node—stomach cancer	0.00041	0.00847	CbGeAlD
Sevoflurane—CYP2B6—digestive system—stomach cancer	0.000409	0.00845	CbGeAlD
Sevoflurane—GABRE—lymph node—stomach cancer	0.000406	0.0084	CbGeAlD
Sevoflurane—CYP2E1—lymphoid tissue—stomach cancer	0.000388	0.00802	CbGeAlD
Sevoflurane—CYP2E1—digestive system—stomach cancer	0.000383	0.00793	CbGeAlD
Sevoflurane—ALB—lymph node—stomach cancer	0.00037	0.00765	CbGeAlD
Sevoflurane—CYP2B6—endocrine gland—stomach cancer	0.000338	0.00698	CbGeAlD
Sevoflurane—CYP2E1—endocrine gland—stomach cancer	0.000317	0.00655	CbGeAlD
Sevoflurane—CYP3A4—digestive system—stomach cancer	0.000309	0.00638	CbGeAlD
Sevoflurane—CYP2B6—liver—stomach cancer	0.000304	0.00629	CbGeAlD
Sevoflurane—CYP2E1—liver—stomach cancer	0.000286	0.0059	CbGeAlD
Sevoflurane—Liver function test abnormal—Doxorubicin—stomach cancer	0.000263	0.00154	CcSEcCtD
Sevoflurane—Pancreatitis—Epirubicin—stomach cancer	0.000261	0.00153	CcSEcCtD
Sevoflurane—Dysgeusia—Capecitabine—stomach cancer	0.00026	0.00152	CcSEcCtD
Sevoflurane—Body temperature increased—Irinotecan—stomach cancer	0.000256	0.0015	CcSEcCtD
Sevoflurane—Feeling abnormal—Fluorouracil—stomach cancer	0.000256	0.0015	CcSEcCtD
Sevoflurane—CYP3A4—endocrine gland—stomach cancer	0.000255	0.00527	CbGeAlD
Sevoflurane—Renal failure—Methotrexate—stomach cancer	0.000249	0.00146	CcSEcCtD
Sevoflurane—Dysuria—Epirubicin—stomach cancer	0.000249	0.00146	CcSEcCtD
Sevoflurane—Urticaria—Fluorouracil—stomach cancer	0.000247	0.00144	CcSEcCtD
Sevoflurane—Syncope—Docetaxel—stomach cancer	0.000246	0.00144	CcSEcCtD
Sevoflurane—Conjunctivitis—Methotrexate—stomach cancer	0.000246	0.00144	CcSEcCtD
Sevoflurane—Body temperature increased—Fluorouracil—stomach cancer	0.000246	0.00144	CcSEcCtD
Sevoflurane—Loss of consciousness—Docetaxel—stomach cancer	0.000241	0.00141	CcSEcCtD
Sevoflurane—Pancreatitis—Doxorubicin—stomach cancer	0.000241	0.00141	CcSEcCtD
Sevoflurane—Hyperglycaemia—Epirubicin—stomach cancer	0.00024	0.0014	CcSEcCtD
Sevoflurane—Cough—Docetaxel—stomach cancer	0.00024	0.0014	CcSEcCtD
Sevoflurane—Hepatobiliary disease—Methotrexate—stomach cancer	0.00024	0.0014	CcSEcCtD
Sevoflurane—Hypersensitivity—Irinotecan—stomach cancer	0.000239	0.0014	CcSEcCtD
Sevoflurane—Syncope—Capecitabine—stomach cancer	0.000239	0.0014	CcSEcCtD
Sevoflurane—Convulsion—Docetaxel—stomach cancer	0.000238	0.00139	CcSEcCtD
Sevoflurane—Hypertension—Docetaxel—stomach cancer	0.000237	0.00139	CcSEcCtD
Sevoflurane—Chest pain—Docetaxel—stomach cancer	0.000234	0.00137	CcSEcCtD
Sevoflurane—Loss of consciousness—Capecitabine—stomach cancer	0.000234	0.00137	CcSEcCtD
Sevoflurane—Renal failure—Epirubicin—stomach cancer	0.000233	0.00136	CcSEcCtD
Sevoflurane—Asthenia—Irinotecan—stomach cancer	0.000233	0.00136	CcSEcCtD
Sevoflurane—Unspecified disorder of skin and subcutaneous tissue—Docetaxel—stomach cancer	0.000232	0.00136	CcSEcCtD
Sevoflurane—Cough—Capecitabine—stomach cancer	0.000232	0.00136	CcSEcCtD
Sevoflurane—Jaundice—Epirubicin—stomach cancer	0.000231	0.00135	CcSEcCtD
Sevoflurane—Conjunctivitis—Epirubicin—stomach cancer	0.00023	0.00135	CcSEcCtD
Sevoflurane—Dysuria—Doxorubicin—stomach cancer	0.00023	0.00135	CcSEcCtD
Sevoflurane—CYP3A4—liver—stomach cancer	0.00023	0.00475	CbGeAlD
Sevoflurane—Hypertension—Capecitabine—stomach cancer	0.00023	0.00134	CcSEcCtD
Sevoflurane—Hypersensitivity—Fluorouracil—stomach cancer	0.000229	0.00134	CcSEcCtD
Sevoflurane—Dry mouth—Docetaxel—stomach cancer	0.000229	0.00134	CcSEcCtD
Sevoflurane—Haemoglobin—Methotrexate—stomach cancer	0.000229	0.00134	CcSEcCtD
Sevoflurane—Haemorrhage—Methotrexate—stomach cancer	0.000227	0.00133	CcSEcCtD
Sevoflurane—Hepatitis—Methotrexate—stomach cancer	0.000227	0.00133	CcSEcCtD
Sevoflurane—Chest pain—Capecitabine—stomach cancer	0.000226	0.00133	CcSEcCtD
Sevoflurane—Confusional state—Docetaxel—stomach cancer	0.000226	0.00132	CcSEcCtD
Sevoflurane—Pharyngitis—Methotrexate—stomach cancer	0.000226	0.00132	CcSEcCtD
Sevoflurane—Unspecified disorder of skin and subcutaneous tissue—Capecitabine—stomach cancer	0.000225	0.00132	CcSEcCtD
Sevoflurane—Urinary tract disorder—Methotrexate—stomach cancer	0.000225	0.00131	CcSEcCtD
Sevoflurane—Hepatobiliary disease—Epirubicin—stomach cancer	0.000224	0.00131	CcSEcCtD
Sevoflurane—Oedema—Docetaxel—stomach cancer	0.000224	0.00131	CcSEcCtD
Sevoflurane—Anaphylactic shock—Docetaxel—stomach cancer	0.000224	0.00131	CcSEcCtD
Sevoflurane—Urethral disorder—Methotrexate—stomach cancer	0.000223	0.0013	CcSEcCtD
Sevoflurane—Hyperglycaemia—Doxorubicin—stomach cancer	0.000222	0.0013	CcSEcCtD
Sevoflurane—Dry mouth—Capecitabine—stomach cancer	0.000221	0.0013	CcSEcCtD
Sevoflurane—Shock—Docetaxel—stomach cancer	0.000221	0.00129	CcSEcCtD
Sevoflurane—Nervous system disorder—Docetaxel—stomach cancer	0.00022	0.00129	CcSEcCtD
Sevoflurane—Pruritus—Fluorouracil—stomach cancer	0.00022	0.00129	CcSEcCtD
Sevoflurane—Thrombocytopenia—Docetaxel—stomach cancer	0.00022	0.00128	CcSEcCtD
Sevoflurane—Confusional state—Capecitabine—stomach cancer	0.000219	0.00128	CcSEcCtD
Sevoflurane—Tachycardia—Docetaxel—stomach cancer	0.000219	0.00128	CcSEcCtD
Sevoflurane—Skin disorder—Docetaxel—stomach cancer	0.000218	0.00127	CcSEcCtD
Sevoflurane—Oedema—Capecitabine—stomach cancer	0.000217	0.00127	CcSEcCtD
Sevoflurane—Bradycardia—Epirubicin—stomach cancer	0.000217	0.00127	CcSEcCtD
Sevoflurane—Renal failure—Doxorubicin—stomach cancer	0.000216	0.00126	CcSEcCtD
Sevoflurane—Dizziness—Irinotecan—stomach cancer	0.000214	0.00126	CcSEcCtD
Sevoflurane—Haemoglobin—Epirubicin—stomach cancer	0.000214	0.00125	CcSEcCtD
Sevoflurane—Jaundice—Doxorubicin—stomach cancer	0.000214	0.00125	CcSEcCtD
Sevoflurane—Shock—Capecitabine—stomach cancer	0.000214	0.00125	CcSEcCtD
Sevoflurane—Conjunctivitis—Doxorubicin—stomach cancer	0.000213	0.00125	CcSEcCtD
Sevoflurane—Nervous system disorder—Capecitabine—stomach cancer	0.000213	0.00125	CcSEcCtD
Sevoflurane—Haemorrhage—Epirubicin—stomach cancer	0.000213	0.00125	CcSEcCtD
Sevoflurane—Hepatitis—Epirubicin—stomach cancer	0.000213	0.00125	CcSEcCtD
Sevoflurane—Thrombocytopenia—Capecitabine—stomach cancer	0.000213	0.00124	CcSEcCtD
Sevoflurane—Tachycardia—Capecitabine—stomach cancer	0.000212	0.00124	CcSEcCtD
Sevoflurane—Pharyngitis—Epirubicin—stomach cancer	0.000211	0.00124	CcSEcCtD
Sevoflurane—Cardiac disorder—Methotrexate—stomach cancer	0.000211	0.00124	CcSEcCtD
Sevoflurane—Skin disorder—Capecitabine—stomach cancer	0.000211	0.00123	CcSEcCtD
Sevoflurane—Urinary tract disorder—Epirubicin—stomach cancer	0.00021	0.00123	CcSEcCtD
Sevoflurane—Hypotension—Docetaxel—stomach cancer	0.00021	0.00123	CcSEcCtD
Sevoflurane—Urethral disorder—Epirubicin—stomach cancer	0.000209	0.00122	CcSEcCtD
Sevoflurane—Hepatobiliary disease—Doxorubicin—stomach cancer	0.000208	0.00121	CcSEcCtD
Sevoflurane—Angiopathy—Methotrexate—stomach cancer	0.000206	0.00121	CcSEcCtD
Sevoflurane—Vomiting—Irinotecan—stomach cancer	0.000206	0.00121	CcSEcCtD
Sevoflurane—Immune system disorder—Methotrexate—stomach cancer	0.000205	0.0012	CcSEcCtD
Sevoflurane—Dizziness—Fluorouracil—stomach cancer	0.000205	0.0012	CcSEcCtD
Sevoflurane—Mediastinal disorder—Methotrexate—stomach cancer	0.000205	0.0012	CcSEcCtD
Sevoflurane—Rash—Irinotecan—stomach cancer	0.000205	0.0012	CcSEcCtD
Sevoflurane—Dermatitis—Irinotecan—stomach cancer	0.000204	0.0012	CcSEcCtD
Sevoflurane—Chills—Methotrexate—stomach cancer	0.000204	0.00119	CcSEcCtD
Sevoflurane—Headache—Irinotecan—stomach cancer	0.000203	0.00119	CcSEcCtD
Sevoflurane—Hypotension—Capecitabine—stomach cancer	0.000203	0.00119	CcSEcCtD
Sevoflurane—Insomnia—Docetaxel—stomach cancer	0.000203	0.00119	CcSEcCtD
Sevoflurane—Bradycardia—Doxorubicin—stomach cancer	0.000201	0.00117	CcSEcCtD
Sevoflurane—Dyspnoea—Docetaxel—stomach cancer	0.0002	0.00117	CcSEcCtD
Sevoflurane—Somnolence—Docetaxel—stomach cancer	0.000199	0.00117	CcSEcCtD
Sevoflurane—Mental disorder—Methotrexate—stomach cancer	0.000199	0.00117	CcSEcCtD
Sevoflurane—Malnutrition—Methotrexate—stomach cancer	0.000198	0.00116	CcSEcCtD
Sevoflurane—Haemoglobin—Doxorubicin—stomach cancer	0.000198	0.00116	CcSEcCtD
Sevoflurane—Cardiac disorder—Epirubicin—stomach cancer	0.000198	0.00116	CcSEcCtD
Sevoflurane—Vomiting—Fluorouracil—stomach cancer	0.000198	0.00116	CcSEcCtD
Sevoflurane—Haemorrhage—Doxorubicin—stomach cancer	0.000197	0.00115	CcSEcCtD
Sevoflurane—Hepatitis—Doxorubicin—stomach cancer	0.000197	0.00115	CcSEcCtD
Sevoflurane—Insomnia—Capecitabine—stomach cancer	0.000196	0.00115	CcSEcCtD
Sevoflurane—Rash—Fluorouracil—stomach cancer	0.000196	0.00115	CcSEcCtD
Sevoflurane—Dermatitis—Fluorouracil—stomach cancer	0.000196	0.00115	CcSEcCtD
Sevoflurane—Pharyngitis—Doxorubicin—stomach cancer	0.000195	0.00114	CcSEcCtD
Sevoflurane—Headache—Fluorouracil—stomach cancer	0.000195	0.00114	CcSEcCtD
Sevoflurane—Urinary tract disorder—Doxorubicin—stomach cancer	0.000195	0.00114	CcSEcCtD
Sevoflurane—Dysgeusia—Methotrexate—stomach cancer	0.000194	0.00113	CcSEcCtD
Sevoflurane—Gastrointestinal disorder—Docetaxel—stomach cancer	0.000194	0.00113	CcSEcCtD
Sevoflurane—Dyspnoea—Capecitabine—stomach cancer	0.000194	0.00113	CcSEcCtD
Sevoflurane—Angiopathy—Epirubicin—stomach cancer	0.000193	0.00113	CcSEcCtD
Sevoflurane—Urethral disorder—Doxorubicin—stomach cancer	0.000193	0.00113	CcSEcCtD
Sevoflurane—Nausea—Irinotecan—stomach cancer	0.000193	0.00113	CcSEcCtD
Sevoflurane—Immune system disorder—Epirubicin—stomach cancer	0.000192	0.00113	CcSEcCtD
Sevoflurane—Mediastinal disorder—Epirubicin—stomach cancer	0.000192	0.00112	CcSEcCtD
Sevoflurane—Pain—Docetaxel—stomach cancer	0.000192	0.00112	CcSEcCtD
Sevoflurane—Chills—Epirubicin—stomach cancer	0.000191	0.00112	CcSEcCtD
Sevoflurane—Arrhythmia—Epirubicin—stomach cancer	0.00019	0.00111	CcSEcCtD
Sevoflurane—Gastrointestinal disorder—Capecitabine—stomach cancer	0.000187	0.0011	CcSEcCtD
Sevoflurane—Mental disorder—Epirubicin—stomach cancer	0.000187	0.00109	CcSEcCtD
Sevoflurane—Pain—Capecitabine—stomach cancer	0.000186	0.00109	CcSEcCtD
Sevoflurane—Malnutrition—Epirubicin—stomach cancer	0.000185	0.00108	CcSEcCtD
Sevoflurane—Feeling abnormal—Docetaxel—stomach cancer	0.000185	0.00108	CcSEcCtD
Sevoflurane—Nausea—Fluorouracil—stomach cancer	0.000185	0.00108	CcSEcCtD
Sevoflurane—Cardiac disorder—Doxorubicin—stomach cancer	0.000183	0.00107	CcSEcCtD
Sevoflurane—Tension—Epirubicin—stomach cancer	0.000182	0.00106	CcSEcCtD
Sevoflurane—Dysgeusia—Epirubicin—stomach cancer	0.000181	0.00106	CcSEcCtD
Sevoflurane—Nervousness—Epirubicin—stomach cancer	0.00018	0.00105	CcSEcCtD
Sevoflurane—Feeling abnormal—Capecitabine—stomach cancer	0.000179	0.00105	CcSEcCtD
Sevoflurane—Angiopathy—Doxorubicin—stomach cancer	0.000179	0.00105	CcSEcCtD
Sevoflurane—Immune system disorder—Doxorubicin—stomach cancer	0.000178	0.00104	CcSEcCtD
Sevoflurane—Mediastinal disorder—Doxorubicin—stomach cancer	0.000178	0.00104	CcSEcCtD
Sevoflurane—Body temperature increased—Docetaxel—stomach cancer	0.000177	0.00104	CcSEcCtD
Sevoflurane—Chills—Doxorubicin—stomach cancer	0.000177	0.00103	CcSEcCtD
Sevoflurane—Arrhythmia—Doxorubicin—stomach cancer	0.000176	0.00103	CcSEcCtD
Sevoflurane—Cough—Methotrexate—stomach cancer	0.000173	0.00101	CcSEcCtD
Sevoflurane—Mental disorder—Doxorubicin—stomach cancer	0.000173	0.00101	CcSEcCtD
Sevoflurane—Urticaria—Capecitabine—stomach cancer	0.000172	0.00101	CcSEcCtD
Sevoflurane—Body temperature increased—Capecitabine—stomach cancer	0.000172	0.001	CcSEcCtD
Sevoflurane—Convulsion—Methotrexate—stomach cancer	0.000172	0.001	CcSEcCtD
Sevoflurane—Malnutrition—Doxorubicin—stomach cancer	0.000171	0.001	CcSEcCtD
Sevoflurane—Agitation—Epirubicin—stomach cancer	0.00017	0.000997	CcSEcCtD
Sevoflurane—Chest pain—Methotrexate—stomach cancer	0.000169	0.000987	CcSEcCtD
Sevoflurane—Tension—Doxorubicin—stomach cancer	0.000168	0.000985	CcSEcCtD
Sevoflurane—Dysgeusia—Doxorubicin—stomach cancer	0.000168	0.000983	CcSEcCtD
Sevoflurane—Unspecified disorder of skin and subcutaneous tissue—Methotrexate—stomach cancer	0.000167	0.00098	CcSEcCtD
Sevoflurane—Nervousness—Doxorubicin—stomach cancer	0.000167	0.000975	CcSEcCtD
Sevoflurane—Syncope—Epirubicin—stomach cancer	0.000166	0.000973	CcSEcCtD
Sevoflurane—Hypersensitivity—Docetaxel—stomach cancer	0.000165	0.000967	CcSEcCtD
Sevoflurane—Confusional state—Methotrexate—stomach cancer	0.000163	0.000954	CcSEcCtD
Sevoflurane—Loss of consciousness—Epirubicin—stomach cancer	0.000163	0.000953	CcSEcCtD
Sevoflurane—Cough—Epirubicin—stomach cancer	0.000162	0.000946	CcSEcCtD
Sevoflurane—Anaphylactic shock—Methotrexate—stomach cancer	0.000162	0.000946	CcSEcCtD
Sevoflurane—Asthenia—Docetaxel—stomach cancer	0.000161	0.000942	CcSEcCtD
Sevoflurane—Convulsion—Epirubicin—stomach cancer	0.000161	0.00094	CcSEcCtD
Sevoflurane—Hypertension—Epirubicin—stomach cancer	0.00016	0.000936	CcSEcCtD
Sevoflurane—Hypersensitivity—Capecitabine—stomach cancer	0.00016	0.000936	CcSEcCtD
Sevoflurane—Pruritus—Docetaxel—stomach cancer	0.000159	0.000928	CcSEcCtD
Sevoflurane—Nervous system disorder—Methotrexate—stomach cancer	0.000158	0.000928	CcSEcCtD
Sevoflurane—Thrombocytopenia—Methotrexate—stomach cancer	0.000158	0.000926	CcSEcCtD
Sevoflurane—Chest pain—Epirubicin—stomach cancer	0.000158	0.000923	CcSEcCtD
Sevoflurane—Agitation—Doxorubicin—stomach cancer	0.000158	0.000922	CcSEcCtD
Sevoflurane—Skin disorder—Methotrexate—stomach cancer	0.000157	0.000919	CcSEcCtD
Sevoflurane—Unspecified disorder of skin and subcutaneous tissue—Epirubicin—stomach cancer	0.000157	0.000917	CcSEcCtD
Sevoflurane—Asthenia—Capecitabine—stomach cancer	0.000156	0.000912	CcSEcCtD
Sevoflurane—Dry mouth—Epirubicin—stomach cancer	0.000154	0.000903	CcSEcCtD
Sevoflurane—Syncope—Doxorubicin—stomach cancer	0.000154	0.0009	CcSEcCtD
Sevoflurane—Pruritus—Capecitabine—stomach cancer	0.000154	0.000899	CcSEcCtD
Sevoflurane—Confusional state—Epirubicin—stomach cancer	0.000152	0.000892	CcSEcCtD
Sevoflurane—Oedema—Epirubicin—stomach cancer	0.000151	0.000885	CcSEcCtD
Sevoflurane—Anaphylactic shock—Epirubicin—stomach cancer	0.000151	0.000885	CcSEcCtD
Sevoflurane—Hypotension—Methotrexate—stomach cancer	0.000151	0.000884	CcSEcCtD
Sevoflurane—Loss of consciousness—Doxorubicin—stomach cancer	0.000151	0.000882	CcSEcCtD
Sevoflurane—Cough—Doxorubicin—stomach cancer	0.00015	0.000876	CcSEcCtD
Sevoflurane—Shock—Epirubicin—stomach cancer	0.000149	0.000871	CcSEcCtD
Sevoflurane—Convulsion—Doxorubicin—stomach cancer	0.000149	0.000869	CcSEcCtD
Sevoflurane—Nervous system disorder—Epirubicin—stomach cancer	0.000148	0.000868	CcSEcCtD
Sevoflurane—Dizziness—Docetaxel—stomach cancer	0.000148	0.000868	CcSEcCtD
Sevoflurane—Thrombocytopenia—Epirubicin—stomach cancer	0.000148	0.000867	CcSEcCtD
Sevoflurane—Hypertension—Doxorubicin—stomach cancer	0.000148	0.000866	CcSEcCtD
Sevoflurane—Tachycardia—Epirubicin—stomach cancer	0.000148	0.000864	CcSEcCtD
Sevoflurane—Skin disorder—Epirubicin—stomach cancer	0.000147	0.00086	CcSEcCtD
Sevoflurane—Insomnia—Methotrexate—stomach cancer	0.000146	0.000855	CcSEcCtD
Sevoflurane—Chest pain—Doxorubicin—stomach cancer	0.000146	0.000854	CcSEcCtD
Sevoflurane—Unspecified disorder of skin and subcutaneous tissue—Doxorubicin—stomach cancer	0.000145	0.000848	CcSEcCtD
Sevoflurane—Dyspnoea—Methotrexate—stomach cancer	0.000144	0.000843	CcSEcCtD
Sevoflurane—Somnolence—Methotrexate—stomach cancer	0.000144	0.000841	CcSEcCtD
Sevoflurane—Dizziness—Capecitabine—stomach cancer	0.000144	0.00084	CcSEcCtD
Sevoflurane—Dry mouth—Doxorubicin—stomach cancer	0.000143	0.000836	CcSEcCtD
Sevoflurane—Vomiting—Docetaxel—stomach cancer	0.000143	0.000834	CcSEcCtD
Sevoflurane—Rash—Docetaxel—stomach cancer	0.000141	0.000827	CcSEcCtD
Sevoflurane—Hypotension—Epirubicin—stomach cancer	0.000141	0.000827	CcSEcCtD
Sevoflurane—Dermatitis—Docetaxel—stomach cancer	0.000141	0.000827	CcSEcCtD
Sevoflurane—Confusional state—Doxorubicin—stomach cancer	0.000141	0.000826	CcSEcCtD
Sevoflurane—Headache—Docetaxel—stomach cancer	0.00014	0.000822	CcSEcCtD
Sevoflurane—Oedema—Doxorubicin—stomach cancer	0.00014	0.000819	CcSEcCtD
Sevoflurane—Anaphylactic shock—Doxorubicin—stomach cancer	0.00014	0.000819	CcSEcCtD
Sevoflurane—Gastrointestinal disorder—Methotrexate—stomach cancer	0.00014	0.000817	CcSEcCtD
Sevoflurane—Pain—Methotrexate—stomach cancer	0.000138	0.000809	CcSEcCtD
Sevoflurane—Vomiting—Capecitabine—stomach cancer	0.000138	0.000808	CcSEcCtD
Sevoflurane—Shock—Doxorubicin—stomach cancer	0.000138	0.000806	CcSEcCtD
Sevoflurane—Nervous system disorder—Doxorubicin—stomach cancer	0.000137	0.000803	CcSEcCtD
Sevoflurane—Thrombocytopenia—Doxorubicin—stomach cancer	0.000137	0.000802	CcSEcCtD
Sevoflurane—Rash—Capecitabine—stomach cancer	0.000137	0.000801	CcSEcCtD
Sevoflurane—Insomnia—Epirubicin—stomach cancer	0.000137	0.000801	CcSEcCtD
Sevoflurane—Dermatitis—Capecitabine—stomach cancer	0.000137	0.0008	CcSEcCtD
Sevoflurane—Tachycardia—Doxorubicin—stomach cancer	0.000137	0.000799	CcSEcCtD
Sevoflurane—Headache—Capecitabine—stomach cancer	0.000136	0.000796	CcSEcCtD
Sevoflurane—Skin disorder—Doxorubicin—stomach cancer	0.000136	0.000796	CcSEcCtD
Sevoflurane—Dyspnoea—Epirubicin—stomach cancer	0.000135	0.000789	CcSEcCtD
Sevoflurane—Somnolence—Epirubicin—stomach cancer	0.000134	0.000787	CcSEcCtD
Sevoflurane—Nausea—Docetaxel—stomach cancer	0.000133	0.000779	CcSEcCtD
Sevoflurane—Feeling abnormal—Methotrexate—stomach cancer	0.000133	0.000779	CcSEcCtD
Sevoflurane—Hypotension—Doxorubicin—stomach cancer	0.000131	0.000765	CcSEcCtD
Sevoflurane—Gastrointestinal disorder—Epirubicin—stomach cancer	0.000131	0.000764	CcSEcCtD
Sevoflurane—Pain—Epirubicin—stomach cancer	0.000129	0.000757	CcSEcCtD
Sevoflurane—Nausea—Capecitabine—stomach cancer	0.000129	0.000755	CcSEcCtD
Sevoflurane—Urticaria—Methotrexate—stomach cancer	0.000128	0.000751	CcSEcCtD
Sevoflurane—Body temperature increased—Methotrexate—stomach cancer	0.000128	0.000748	CcSEcCtD
Sevoflurane—Insomnia—Doxorubicin—stomach cancer	0.000127	0.000741	CcSEcCtD
Sevoflurane—Dyspnoea—Doxorubicin—stomach cancer	0.000125	0.00073	CcSEcCtD
Sevoflurane—Feeling abnormal—Epirubicin—stomach cancer	0.000125	0.000729	CcSEcCtD
Sevoflurane—Somnolence—Doxorubicin—stomach cancer	0.000124	0.000728	CcSEcCtD
Sevoflurane—Gastrointestinal disorder—Doxorubicin—stomach cancer	0.000121	0.000707	CcSEcCtD
Sevoflurane—Urticaria—Epirubicin—stomach cancer	0.00012	0.000703	CcSEcCtD
Sevoflurane—Pain—Doxorubicin—stomach cancer	0.00012	0.0007	CcSEcCtD
Sevoflurane—Body temperature increased—Epirubicin—stomach cancer	0.00012	0.0007	CcSEcCtD
Sevoflurane—Hypersensitivity—Methotrexate—stomach cancer	0.000119	0.000697	CcSEcCtD
Sevoflurane—Asthenia—Methotrexate—stomach cancer	0.000116	0.000679	CcSEcCtD
Sevoflurane—Feeling abnormal—Doxorubicin—stomach cancer	0.000115	0.000675	CcSEcCtD
Sevoflurane—Pruritus—Methotrexate—stomach cancer	0.000114	0.000669	CcSEcCtD
Sevoflurane—Hypersensitivity—Epirubicin—stomach cancer	0.000111	0.000652	CcSEcCtD
Sevoflurane—Urticaria—Doxorubicin—stomach cancer	0.000111	0.000651	CcSEcCtD
Sevoflurane—Body temperature increased—Doxorubicin—stomach cancer	0.000111	0.000647	CcSEcCtD
Sevoflurane—Asthenia—Epirubicin—stomach cancer	0.000109	0.000635	CcSEcCtD
Sevoflurane—Pruritus—Epirubicin—stomach cancer	0.000107	0.000626	CcSEcCtD
Sevoflurane—Dizziness—Methotrexate—stomach cancer	0.000107	0.000625	CcSEcCtD
Sevoflurane—Hypersensitivity—Doxorubicin—stomach cancer	0.000103	0.000603	CcSEcCtD
Sevoflurane—Vomiting—Methotrexate—stomach cancer	0.000103	0.000601	CcSEcCtD
Sevoflurane—Rash—Methotrexate—stomach cancer	0.000102	0.000596	CcSEcCtD
Sevoflurane—Dermatitis—Methotrexate—stomach cancer	0.000102	0.000596	CcSEcCtD
Sevoflurane—Headache—Methotrexate—stomach cancer	0.000101	0.000593	CcSEcCtD
Sevoflurane—Asthenia—Doxorubicin—stomach cancer	0.0001	0.000588	CcSEcCtD
Sevoflurane—Dizziness—Epirubicin—stomach cancer	0.0001	0.000585	CcSEcCtD
Sevoflurane—Pruritus—Doxorubicin—stomach cancer	9.9e-05	0.000579	CcSEcCtD
Sevoflurane—Vomiting—Epirubicin—stomach cancer	9.62e-05	0.000563	CcSEcCtD
Sevoflurane—Nausea—Methotrexate—stomach cancer	9.6e-05	0.000562	CcSEcCtD
Sevoflurane—Rash—Epirubicin—stomach cancer	9.54e-05	0.000558	CcSEcCtD
Sevoflurane—Dermatitis—Epirubicin—stomach cancer	9.53e-05	0.000558	CcSEcCtD
Sevoflurane—Headache—Epirubicin—stomach cancer	9.47e-05	0.000554	CcSEcCtD
Sevoflurane—Dizziness—Doxorubicin—stomach cancer	9.25e-05	0.000542	CcSEcCtD
Sevoflurane—Nausea—Epirubicin—stomach cancer	8.98e-05	0.000526	CcSEcCtD
Sevoflurane—Vomiting—Doxorubicin—stomach cancer	8.9e-05	0.000521	CcSEcCtD
Sevoflurane—Rash—Doxorubicin—stomach cancer	8.82e-05	0.000516	CcSEcCtD
Sevoflurane—Dermatitis—Doxorubicin—stomach cancer	8.82e-05	0.000516	CcSEcCtD
Sevoflurane—Headache—Doxorubicin—stomach cancer	8.77e-05	0.000513	CcSEcCtD
Sevoflurane—Nausea—Doxorubicin—stomach cancer	8.31e-05	0.000486	CcSEcCtD
Sevoflurane—GABRA1—SIDS Susceptibility Pathways—IL6—stomach cancer	1.95e-05	0.000175	CbGpPWpGaD
Sevoflurane—ALB—Metabolism of lipids and lipoproteins—AKR1C3—stomach cancer	1.95e-05	0.000175	CbGpPWpGaD
Sevoflurane—CYP3A4—Metapathway biotransformation—GSTP1—stomach cancer	1.95e-05	0.000174	CbGpPWpGaD
Sevoflurane—GABRB3—Transmission across Chemical Synapses—HRAS—stomach cancer	1.95e-05	0.000174	CbGpPWpGaD
Sevoflurane—ND1—Metabolism—NOS3—stomach cancer	1.95e-05	0.000174	CbGpPWpGaD
Sevoflurane—ATP5D—Metabolism—NOS3—stomach cancer	1.95e-05	0.000174	CbGpPWpGaD
Sevoflurane—GABRA5—Neuronal System—MAPK1—stomach cancer	1.94e-05	0.000174	CbGpPWpGaD
Sevoflurane—CYP2E1—Metabolism—CA2—stomach cancer	1.92e-05	0.000172	CbGpPWpGaD
Sevoflurane—GABRA6—Transmembrane transport of small molecules—ALB—stomach cancer	1.92e-05	0.000171	CbGpPWpGaD
Sevoflurane—CYP2B6—Metabolism—PGAM1—stomach cancer	1.92e-05	0.000171	CbGpPWpGaD
Sevoflurane—CYP2B6—Metabolism—NT5E—stomach cancer	1.92e-05	0.000171	CbGpPWpGaD
Sevoflurane—GABRG2—Transmission across Chemical Synapses—HRAS—stomach cancer	1.91e-05	0.000171	CbGpPWpGaD
Sevoflurane—GABRA3—Neuronal System—MAPK1—stomach cancer	1.9e-05	0.00017	CbGpPWpGaD
Sevoflurane—GABRG3—Neuronal System—HRAS—stomach cancer	1.9e-05	0.00017	CbGpPWpGaD
Sevoflurane—CYP2A6—Metabolism—TYMP—stomach cancer	1.9e-05	0.00017	CbGpPWpGaD
Sevoflurane—CYP2A6—Metabolism—FADS1—stomach cancer	1.9e-05	0.00017	CbGpPWpGaD
Sevoflurane—GABRA4—Transmembrane transport of small molecules—ALB—stomach cancer	1.89e-05	0.000169	CbGpPWpGaD
Sevoflurane—GABRB1—Neuronal System—HRAS—stomach cancer	1.88e-05	0.000168	CbGpPWpGaD
Sevoflurane—CYP2E1—Metabolism—NT5E—stomach cancer	1.88e-05	0.000168	CbGpPWpGaD
Sevoflurane—CYP2E1—Metabolism—PGAM1—stomach cancer	1.88e-05	0.000168	CbGpPWpGaD
Sevoflurane—GABRA2—Neuronal System—MAPK1—stomach cancer	1.87e-05	0.000167	CbGpPWpGaD
Sevoflurane—GABRB3—Neuronal System—MAPK1—stomach cancer	1.86e-05	0.000166	CbGpPWpGaD
Sevoflurane—ALB—Hemostasis—CD44—stomach cancer	1.85e-05	0.000166	CbGpPWpGaD
Sevoflurane—CYP2B6—Metabolism—PLCE1—stomach cancer	1.83e-05	0.000163	CbGpPWpGaD
Sevoflurane—CYP2B6—Metabolism—ALDH7A1—stomach cancer	1.83e-05	0.000163	CbGpPWpGaD
Sevoflurane—GABRG2—Neuronal System—MAPK1—stomach cancer	1.83e-05	0.000163	CbGpPWpGaD
Sevoflurane—CYP3A4—Biological oxidations—GSTM1—stomach cancer	1.82e-05	0.000163	CbGpPWpGaD
Sevoflurane—ALB—Metabolism—FBP1—stomach cancer	1.81e-05	0.000162	CbGpPWpGaD
Sevoflurane—ALB—Metabolism—CA1—stomach cancer	1.81e-05	0.000162	CbGpPWpGaD
Sevoflurane—ALB—Metabolism—CKB—stomach cancer	1.81e-05	0.000162	CbGpPWpGaD
Sevoflurane—ALB—Metabolism—NDUFA2—stomach cancer	1.81e-05	0.000162	CbGpPWpGaD
Sevoflurane—CYP3A4—Metapathway biotransformation—GSTM1—stomach cancer	1.79e-05	0.00016	CbGpPWpGaD
Sevoflurane—CYP2E1—Metabolism—ALDH7A1—stomach cancer	1.79e-05	0.00016	CbGpPWpGaD
Sevoflurane—CYP2E1—Metabolism—PLCE1—stomach cancer	1.79e-05	0.00016	CbGpPWpGaD
Sevoflurane—ND1—Metabolism—PTGS2—stomach cancer	1.78e-05	0.000159	CbGpPWpGaD
Sevoflurane—ATP5D—Metabolism—PTGS2—stomach cancer	1.78e-05	0.000159	CbGpPWpGaD
Sevoflurane—ALB—Platelet activation, signaling and aggregation—SERPINE1—stomach cancer	1.78e-05	0.000159	CbGpPWpGaD
Sevoflurane—CYP2A6—Metabolism—SREBF2—stomach cancer	1.78e-05	0.000159	CbGpPWpGaD
Sevoflurane—GABRA6—Neuronal System—HRAS—stomach cancer	1.77e-05	0.000159	CbGpPWpGaD
Sevoflurane—ALB—Selenium Micronutrient Network—IL6—stomach cancer	1.77e-05	0.000158	CbGpPWpGaD
Sevoflurane—CYP2A6—Metabolism—RORA—stomach cancer	1.76e-05	0.000157	CbGpPWpGaD
Sevoflurane—GABRA4—Neuronal System—HRAS—stomach cancer	1.75e-05	0.000157	CbGpPWpGaD
Sevoflurane—CYP2B6—Metabolism—UMPS—stomach cancer	1.75e-05	0.000157	CbGpPWpGaD
Sevoflurane—GABRA1—Transmembrane transport of small molecules—APOA1—stomach cancer	1.75e-05	0.000156	CbGpPWpGaD
Sevoflurane—GABRB2—Transmembrane transport of small molecules—ALB—stomach cancer	1.73e-05	0.000155	CbGpPWpGaD
Sevoflurane—CYP2E1—Metabolism—UMPS—stomach cancer	1.72e-05	0.000153	CbGpPWpGaD
Sevoflurane—ALB—Platelet activation, signaling and aggregation—RHOA—stomach cancer	1.72e-05	0.000153	CbGpPWpGaD
Sevoflurane—ALB—Metabolism—PLIN2—stomach cancer	1.7e-05	0.000152	CbGpPWpGaD
Sevoflurane—CYP3A4—Metabolism—ACAD8—stomach cancer	1.7e-05	0.000152	CbGpPWpGaD
Sevoflurane—GABRA5—Transmembrane transport of small molecules—ALB—stomach cancer	1.68e-05	0.00015	CbGpPWpGaD
Sevoflurane—GABRA1—Transmission across Chemical Synapses—HRAS—stomach cancer	1.67e-05	0.00015	CbGpPWpGaD
Sevoflurane—ALB—Metabolism—CA2—stomach cancer	1.65e-05	0.000148	CbGpPWpGaD
Sevoflurane—GABRA3—Transmembrane transport of small molecules—ALB—stomach cancer	1.65e-05	0.000148	CbGpPWpGaD
Sevoflurane—CYP2A6—Metabolism—ALDOB—stomach cancer	1.65e-05	0.000147	CbGpPWpGaD
Sevoflurane—CYP2B6—Metabolism—PDHA1—stomach cancer	1.63e-05	0.000146	CbGpPWpGaD
Sevoflurane—CYP2B6—Metabolism—ECHS1—stomach cancer	1.63e-05	0.000146	CbGpPWpGaD
Sevoflurane—GABRA2—Transmembrane transport of small molecules—ALB—stomach cancer	1.62e-05	0.000145	CbGpPWpGaD
Sevoflurane—ALB—Metabolism—NT5E—stomach cancer	1.61e-05	0.000144	CbGpPWpGaD
Sevoflurane—ALB—Metabolism—PGAM1—stomach cancer	1.61e-05	0.000144	CbGpPWpGaD
Sevoflurane—GABRB3—Transmembrane transport of small molecules—ALB—stomach cancer	1.61e-05	0.000144	CbGpPWpGaD
Sevoflurane—GABRB2—Neuronal System—HRAS—stomach cancer	1.6e-05	0.000143	CbGpPWpGaD
Sevoflurane—GABRA1—Neuronal System—MAPK1—stomach cancer	1.6e-05	0.000143	CbGpPWpGaD
Sevoflurane—CYP2E1—Metabolism—ECHS1—stomach cancer	1.59e-05	0.000143	CbGpPWpGaD
Sevoflurane—CYP2E1—Metabolism—PDHA1—stomach cancer	1.59e-05	0.000143	CbGpPWpGaD
Sevoflurane—GABRG2—Transmembrane transport of small molecules—ALB—stomach cancer	1.58e-05	0.000142	CbGpPWpGaD
Sevoflurane—ALB—Hemostasis—PPP2R1A—stomach cancer	1.58e-05	0.000141	CbGpPWpGaD
Sevoflurane—GABRA5—Neuronal System—HRAS—stomach cancer	1.56e-05	0.000139	CbGpPWpGaD
Sevoflurane—ALB—Metabolism—ALDH7A1—stomach cancer	1.54e-05	0.000138	CbGpPWpGaD
Sevoflurane—ALB—Metabolism—PLCE1—stomach cancer	1.54e-05	0.000138	CbGpPWpGaD
Sevoflurane—CYP2B6—Metabolism—FADS1—stomach cancer	1.53e-05	0.000137	CbGpPWpGaD
Sevoflurane—CYP2B6—Metabolism—TYMP—stomach cancer	1.53e-05	0.000137	CbGpPWpGaD
Sevoflurane—CYP2A6—Metabolism—ALOX5—stomach cancer	1.53e-05	0.000137	CbGpPWpGaD
Sevoflurane—GABRA3—Neuronal System—HRAS—stomach cancer	1.53e-05	0.000137	CbGpPWpGaD
Sevoflurane—CYP3A4—Metabolism—GMPR2—stomach cancer	1.52e-05	0.000136	CbGpPWpGaD
Sevoflurane—CYP2A6—Metabolism—DPYD—stomach cancer	1.5e-05	0.000135	CbGpPWpGaD
Sevoflurane—GABRA2—Neuronal System—HRAS—stomach cancer	1.5e-05	0.000134	CbGpPWpGaD
Sevoflurane—CYP2E1—Metabolism—FADS1—stomach cancer	1.5e-05	0.000134	CbGpPWpGaD
Sevoflurane—CYP2E1—Metabolism—TYMP—stomach cancer	1.5e-05	0.000134	CbGpPWpGaD
Sevoflurane—GABRB3—Neuronal System—HRAS—stomach cancer	1.49e-05	0.000134	CbGpPWpGaD
Sevoflurane—ALB—Metabolism—UMPS—stomach cancer	1.47e-05	0.000132	CbGpPWpGaD
Sevoflurane—GABRG2—Neuronal System—HRAS—stomach cancer	1.47e-05	0.000131	CbGpPWpGaD
Sevoflurane—CYP2B6—Metabolism—SREBF2—stomach cancer	1.43e-05	0.000128	CbGpPWpGaD
Sevoflurane—CYP2B6—Metabolism—RORA—stomach cancer	1.42e-05	0.000127	CbGpPWpGaD
Sevoflurane—CYP2E1—Metabolism—SREBF2—stomach cancer	1.4e-05	0.000126	CbGpPWpGaD
Sevoflurane—ALB—Hemostasis—FYN—stomach cancer	1.39e-05	0.000124	CbGpPWpGaD
Sevoflurane—CYP2E1—Metabolism—RORA—stomach cancer	1.39e-05	0.000124	CbGpPWpGaD
Sevoflurane—CYP3A4—Metabolism—IDH3B—stomach cancer	1.39e-05	0.000124	CbGpPWpGaD
Sevoflurane—CYP3A4—Metabolism—SUCLG1—stomach cancer	1.39e-05	0.000124	CbGpPWpGaD
Sevoflurane—GABRA1—Transmembrane transport of small molecules—ALB—stomach cancer	1.38e-05	0.000124	CbGpPWpGaD
Sevoflurane—ALB—Metabolism—ECHS1—stomach cancer	1.37e-05	0.000123	CbGpPWpGaD
Sevoflurane—ALB—Metabolism—PDHA1—stomach cancer	1.37e-05	0.000123	CbGpPWpGaD
Sevoflurane—CYP2A6—Metabolism—GSTT1—stomach cancer	1.33e-05	0.000119	CbGpPWpGaD
Sevoflurane—CYP2B6—Metabolism—ALDOB—stomach cancer	1.33e-05	0.000119	CbGpPWpGaD
Sevoflurane—ALB—Transmembrane transport of small molecules—HMOX1—stomach cancer	1.32e-05	0.000118	CbGpPWpGaD
Sevoflurane—CYP2E1—Metabolism—ALDOB—stomach cancer	1.3e-05	0.000116	CbGpPWpGaD
Sevoflurane—ALB—Metabolism—TYMP—stomach cancer	1.29e-05	0.000115	CbGpPWpGaD
Sevoflurane—ALB—Metabolism—FADS1—stomach cancer	1.29e-05	0.000115	CbGpPWpGaD
Sevoflurane—CYP3A4—Metabolism—NDUFV1—stomach cancer	1.29e-05	0.000115	CbGpPWpGaD
Sevoflurane—CYP3A4—Metabolism—NDUFS1—stomach cancer	1.29e-05	0.000115	CbGpPWpGaD
Sevoflurane—GABRA1—Neuronal System—HRAS—stomach cancer	1.28e-05	0.000115	CbGpPWpGaD
Sevoflurane—CYP2A6—Metabolism—AKR1C3—stomach cancer	1.28e-05	0.000114	CbGpPWpGaD
Sevoflurane—CYP2A6—Metabolism—ENO1—stomach cancer	1.25e-05	0.000112	CbGpPWpGaD
Sevoflurane—CYP2B6—Metabolism—ALOX5—stomach cancer	1.23e-05	0.00011	CbGpPWpGaD
Sevoflurane—ALB—Platelet activation, signaling and aggregation—VEGFA—stomach cancer	1.22e-05	0.000109	CbGpPWpGaD
Sevoflurane—CYP2B6—Metabolism—DPYD—stomach cancer	1.21e-05	0.000109	CbGpPWpGaD
Sevoflurane—CYP2E1—Metabolism—ALOX5—stomach cancer	1.21e-05	0.000108	CbGpPWpGaD
Sevoflurane—ALB—Metabolism—SREBF2—stomach cancer	1.21e-05	0.000108	CbGpPWpGaD
Sevoflurane—ALB—Metabolism—RORA—stomach cancer	1.19e-05	0.000107	CbGpPWpGaD
Sevoflurane—CYP2E1—Metabolism—DPYD—stomach cancer	1.19e-05	0.000106	CbGpPWpGaD
Sevoflurane—ALB—Hemostasis—PLAU—stomach cancer	1.18e-05	0.000106	CbGpPWpGaD
Sevoflurane—ALB—Hemostasis—CAV1—stomach cancer	1.16e-05	0.000104	CbGpPWpGaD
Sevoflurane—ALB—Platelet activation, signaling and aggregation—MAPK3—stomach cancer	1.16e-05	0.000104	CbGpPWpGaD
Sevoflurane—ALB—Hemostasis—APOA1—stomach cancer	1.15e-05	0.000103	CbGpPWpGaD
Sevoflurane—CYP3A4—Metabolism—BLVRB—stomach cancer	1.15e-05	0.000103	CbGpPWpGaD
Sevoflurane—CYP3A4—Metabolism—PGLS—stomach cancer	1.15e-05	0.000103	CbGpPWpGaD
Sevoflurane—ALB—Metabolism—ALDOB—stomach cancer	1.12e-05	0.0001	CbGpPWpGaD
Sevoflurane—CYP2A6—Metabolism—CD44—stomach cancer	1.11e-05	9.89e-05	CbGpPWpGaD
Sevoflurane—ALB—Hemostasis—PRKCB—stomach cancer	1.1e-05	9.86e-05	CbGpPWpGaD
Sevoflurane—ALB—Platelet activation, signaling and aggregation—MAPK1—stomach cancer	1.1e-05	9.85e-05	CbGpPWpGaD
Sevoflurane—ND1—Metabolism—PIK3CA—stomach cancer	1.1e-05	9.8e-05	CbGpPWpGaD
Sevoflurane—ATP5D—Metabolism—PIK3CA—stomach cancer	1.1e-05	9.8e-05	CbGpPWpGaD
Sevoflurane—CYP3A4—Metabolism—PPAP2A—stomach cancer	1.1e-05	9.8e-05	CbGpPWpGaD
Sevoflurane—CYP2B6—Metabolism—GSTT1—stomach cancer	1.07e-05	9.61e-05	CbGpPWpGaD
Sevoflurane—CYP2B6—Metabolism—CYP2A6—stomach cancer	1.06e-05	9.49e-05	CbGpPWpGaD
Sevoflurane—ALB—Metabolism of lipids and lipoproteins—CAV1—stomach cancer	1.05e-05	9.43e-05	CbGpPWpGaD
Sevoflurane—CYP2E1—Metabolism—GSTT1—stomach cancer	1.05e-05	9.41e-05	CbGpPWpGaD
Sevoflurane—ALB—Metabolism of lipids and lipoproteins—APOA1—stomach cancer	1.05e-05	9.41e-05	CbGpPWpGaD
Sevoflurane—CYP2E1—Metabolism—CYP2A6—stomach cancer	1.04e-05	9.3e-05	CbGpPWpGaD
Sevoflurane—ALB—Metabolism—ALOX5—stomach cancer	1.04e-05	9.29e-05	CbGpPWpGaD
Sevoflurane—CYP2B6—Metabolism—AKR1C3—stomach cancer	1.03e-05	9.24e-05	CbGpPWpGaD
Sevoflurane—ALB—Metabolism—DPYD—stomach cancer	1.02e-05	9.14e-05	CbGpPWpGaD
Sevoflurane—CYP2E1—Metabolism—AKR1C3—stomach cancer	1.01e-05	9.05e-05	CbGpPWpGaD
Sevoflurane—CYP2B6—Metabolism—ENO1—stomach cancer	1.01e-05	9e-05	CbGpPWpGaD
Sevoflurane—ALB—Transmembrane transport of small molecules—APOA1—stomach cancer	1e-05	8.94e-05	CbGpPWpGaD
Sevoflurane—CYP2E1—Metabolism—ENO1—stomach cancer	9.85e-06	8.82e-05	CbGpPWpGaD
Sevoflurane—CYP3A4—Metabolism—FBP1—stomach cancer	9.76e-06	8.74e-05	CbGpPWpGaD
Sevoflurane—CYP3A4—Metabolism—NDUFA2—stomach cancer	9.76e-06	8.74e-05	CbGpPWpGaD
Sevoflurane—CYP3A4—Metabolism—CKB—stomach cancer	9.76e-06	8.74e-05	CbGpPWpGaD
Sevoflurane—CYP3A4—Metabolism—CA1—stomach cancer	9.76e-06	8.74e-05	CbGpPWpGaD
Sevoflurane—ALB—Platelet activation, signaling and aggregation—PIK3CA—stomach cancer	9.55e-06	8.55e-05	CbGpPWpGaD
Sevoflurane—CYP2A6—Metabolism—PPP2R1A—stomach cancer	9.4e-06	8.41e-05	CbGpPWpGaD
Sevoflurane—ALB—Metabolism of lipids and lipoproteins—PPARG—stomach cancer	9.26e-06	8.29e-05	CbGpPWpGaD
Sevoflurane—CYP2A6—Metabolism—GSTP1—stomach cancer	9.22e-06	8.25e-05	CbGpPWpGaD
Sevoflurane—CYP3A4—Metabolism—PLIN2—stomach cancer	9.18e-06	8.21e-05	CbGpPWpGaD
Sevoflurane—ALB—Hemostasis—SERPINE1—stomach cancer	9.17e-06	8.2e-05	CbGpPWpGaD
Sevoflurane—CYP2A6—Metabolism—HMOX1—stomach cancer	9.1e-06	8.14e-05	CbGpPWpGaD
Sevoflurane—ALB—Metabolism—GSTT1—stomach cancer	9.04e-06	8.09e-05	CbGpPWpGaD
Sevoflurane—ALB—Metabolism—CYP2A6—stomach cancer	8.93e-06	7.99e-05	CbGpPWpGaD
Sevoflurane—CYP3A4—Metabolism—CA2—stomach cancer	8.93e-06	7.99e-05	CbGpPWpGaD
Sevoflurane—CYP2B6—Metabolism—CD44—stomach cancer	8.92e-06	7.98e-05	CbGpPWpGaD
Sevoflurane—ALB—Hemostasis—RHOA—stomach cancer	8.84e-06	7.91e-05	CbGpPWpGaD
Sevoflurane—ALB—Hemostasis—NOS3—stomach cancer	8.75e-06	7.83e-05	CbGpPWpGaD
Sevoflurane—CYP2E1—Metabolism—CD44—stomach cancer	8.74e-06	7.82e-05	CbGpPWpGaD
Sevoflurane—CYP3A4—Metabolism—NT5E—stomach cancer	8.7e-06	7.79e-05	CbGpPWpGaD
Sevoflurane—CYP3A4—Metabolism—PGAM1—stomach cancer	8.7e-06	7.79e-05	CbGpPWpGaD
Sevoflurane—ALB—Metabolism—AKR1C3—stomach cancer	8.69e-06	7.77e-05	CbGpPWpGaD
Sevoflurane—CYP2A6—Metabolism—TYMS—stomach cancer	8.57e-06	7.67e-05	CbGpPWpGaD
Sevoflurane—CYP2A6—Metabolism—GSTM1—stomach cancer	8.48e-06	7.58e-05	CbGpPWpGaD
Sevoflurane—ALB—Metabolism—ENO1—stomach cancer	8.47e-06	7.58e-05	CbGpPWpGaD
Sevoflurane—CYP3A4—Metabolism—ALDH7A1—stomach cancer	8.3e-06	7.43e-05	CbGpPWpGaD
Sevoflurane—CYP3A4—Metabolism—PLCE1—stomach cancer	8.3e-06	7.43e-05	CbGpPWpGaD
Sevoflurane—CYP2A6—Metabolism—ERCC2—stomach cancer	7.97e-06	7.13e-05	CbGpPWpGaD
Sevoflurane—CYP3A4—Metabolism—UMPS—stomach cancer	7.96e-06	7.12e-05	CbGpPWpGaD
Sevoflurane—CYP2B6—Metabolism—PPP2R1A—stomach cancer	7.59e-06	6.79e-05	CbGpPWpGaD
Sevoflurane—ALB—Metabolism—CD44—stomach cancer	7.51e-06	6.72e-05	CbGpPWpGaD
Sevoflurane—CYP2A6—Metabolism—MTHFR—stomach cancer	7.49e-06	6.7e-05	CbGpPWpGaD
Sevoflurane—CYP2B6—Metabolism—GSTP1—stomach cancer	7.44e-06	6.66e-05	CbGpPWpGaD
Sevoflurane—CYP2E1—Metabolism—PPP2R1A—stomach cancer	7.43e-06	6.65e-05	CbGpPWpGaD
Sevoflurane—CYP3A4—Metabolism—PDHA1—stomach cancer	7.4e-06	6.62e-05	CbGpPWpGaD
Sevoflurane—CYP3A4—Metabolism—ECHS1—stomach cancer	7.4e-06	6.62e-05	CbGpPWpGaD
Sevoflurane—CYP2B6—Metabolism—HMOX1—stomach cancer	7.34e-06	6.57e-05	CbGpPWpGaD
Sevoflurane—CYP2E1—Metabolism—GSTP1—stomach cancer	7.29e-06	6.52e-05	CbGpPWpGaD
Sevoflurane—ALB—Metabolism of lipids and lipoproteins—PTGS2—stomach cancer	7.29e-06	6.52e-05	CbGpPWpGaD
Sevoflurane—CYP2E1—Metabolism—HMOX1—stomach cancer	7.19e-06	6.43e-05	CbGpPWpGaD
Sevoflurane—CYP3A4—Metabolism—TYMP—stomach cancer	6.96e-06	6.22e-05	CbGpPWpGaD
Sevoflurane—CYP3A4—Metabolism—FADS1—stomach cancer	6.96e-06	6.22e-05	CbGpPWpGaD
Sevoflurane—CYP2B6—Metabolism—TYMS—stomach cancer	6.92e-06	6.19e-05	CbGpPWpGaD
Sevoflurane—CYP2A6—Metabolism—CAV1—stomach cancer	6.91e-06	6.18e-05	CbGpPWpGaD
Sevoflurane—CYP2A6—Metabolism—APOA1—stomach cancer	6.89e-06	6.17e-05	CbGpPWpGaD
Sevoflurane—CYP2B6—Metabolism—GSTM1—stomach cancer	6.84e-06	6.12e-05	CbGpPWpGaD
Sevoflurane—CYP2E1—Metabolism—TYMS—stomach cancer	6.78e-06	6.06e-05	CbGpPWpGaD
Sevoflurane—CYP2E1—Metabolism—GSTM1—stomach cancer	6.7e-06	5.99e-05	CbGpPWpGaD
Sevoflurane—CYP3A4—Metabolism—SREBF2—stomach cancer	6.51e-06	5.83e-05	CbGpPWpGaD
Sevoflurane—CYP3A4—Metabolism—RORA—stomach cancer	6.44e-06	5.76e-05	CbGpPWpGaD
Sevoflurane—CYP2B6—Metabolism—ERCC2—stomach cancer	6.43e-06	5.75e-05	CbGpPWpGaD
Sevoflurane—ALB—Metabolism—PPP2R1A—stomach cancer	6.39e-06	5.71e-05	CbGpPWpGaD
Sevoflurane—ALB—Hemostasis—VEGFA—stomach cancer	6.31e-06	5.64e-05	CbGpPWpGaD
Sevoflurane—CYP2E1—Metabolism—ERCC2—stomach cancer	6.3e-06	5.63e-05	CbGpPWpGaD
Sevoflurane—ALB—Metabolism—GSTP1—stomach cancer	6.26e-06	5.6e-05	CbGpPWpGaD
Sevoflurane—ALB—Metabolism—HMOX1—stomach cancer	6.18e-06	5.53e-05	CbGpPWpGaD
Sevoflurane—CYP2A6—Metabolism—PPARG—stomach cancer	6.07e-06	5.43e-05	CbGpPWpGaD
Sevoflurane—CYP2B6—Metabolism—MTHFR—stomach cancer	6.04e-06	5.41e-05	CbGpPWpGaD
Sevoflurane—CYP3A4—Metabolism—ALDOB—stomach cancer	6.03e-06	5.4e-05	CbGpPWpGaD
Sevoflurane—ALB—Hemostasis—MAPK3—stomach cancer	5.96e-06	5.34e-05	CbGpPWpGaD
Sevoflurane—CYP2E1—Metabolism—MTHFR—stomach cancer	5.92e-06	5.3e-05	CbGpPWpGaD
Sevoflurane—ALB—Metabolism—TYMS—stomach cancer	5.82e-06	5.21e-05	CbGpPWpGaD
Sevoflurane—ALB—Metabolism—GSTM1—stomach cancer	5.76e-06	5.15e-05	CbGpPWpGaD
Sevoflurane—ALB—Hemostasis—MAPK1—stomach cancer	5.68e-06	5.08e-05	CbGpPWpGaD
Sevoflurane—CYP3A4—Metabolism—ALOX5—stomach cancer	5.61e-06	5.02e-05	CbGpPWpGaD
Sevoflurane—CYP2B6—Metabolism—CAV1—stomach cancer	5.57e-06	4.99e-05	CbGpPWpGaD
Sevoflurane—CYP2B6—Metabolism—APOA1—stomach cancer	5.56e-06	4.98e-05	CbGpPWpGaD
Sevoflurane—CYP3A4—Metabolism—DPYD—stomach cancer	5.52e-06	4.94e-05	CbGpPWpGaD
Sevoflurane—CYP2A6—Metabolism—ALB—stomach cancer	5.46e-06	4.89e-05	CbGpPWpGaD
Sevoflurane—CYP2E1—Metabolism—CAV1—stomach cancer	5.46e-06	4.88e-05	CbGpPWpGaD
Sevoflurane—CYP2E1—Metabolism—APOA1—stomach cancer	5.45e-06	4.87e-05	CbGpPWpGaD
Sevoflurane—ALB—Metabolism—ERCC2—stomach cancer	5.41e-06	4.84e-05	CbGpPWpGaD
Sevoflurane—ALB—Hemostasis—KRAS—stomach cancer	5.36e-06	4.8e-05	CbGpPWpGaD
Sevoflurane—CYP2A6—Metabolism—NOS3—stomach cancer	5.22e-06	4.67e-05	CbGpPWpGaD
Sevoflurane—ALB—Metabolism—MTHFR—stomach cancer	5.09e-06	4.55e-05	CbGpPWpGaD
Sevoflurane—ALB—Hemostasis—PIK3CA—stomach cancer	4.92e-06	4.41e-05	CbGpPWpGaD
Sevoflurane—CYP2B6—Metabolism—PPARG—stomach cancer	4.9e-06	4.38e-05	CbGpPWpGaD
Sevoflurane—CYP3A4—Metabolism—GSTT1—stomach cancer	4.88e-06	4.36e-05	CbGpPWpGaD
Sevoflurane—CYP3A4—Metabolism—CYP2A6—stomach cancer	4.82e-06	4.31e-05	CbGpPWpGaD
Sevoflurane—CYP2E1—Metabolism—PPARG—stomach cancer	4.8e-06	4.29e-05	CbGpPWpGaD
Sevoflurane—CYP2A6—Metabolism—PTGS2—stomach cancer	4.78e-06	4.27e-05	CbGpPWpGaD
Sevoflurane—ALB—Hemostasis—TP53—stomach cancer	4.76e-06	4.26e-05	CbGpPWpGaD
Sevoflurane—ALB—Metabolism—CAV1—stomach cancer	4.69e-06	4.2e-05	CbGpPWpGaD
Sevoflurane—CYP3A4—Metabolism—AKR1C3—stomach cancer	4.69e-06	4.2e-05	CbGpPWpGaD
Sevoflurane—ALB—Metabolism—APOA1—stomach cancer	4.68e-06	4.19e-05	CbGpPWpGaD
Sevoflurane—CYP3A4—Metabolism—ENO1—stomach cancer	4.57e-06	4.09e-05	CbGpPWpGaD
Sevoflurane—ALB—Hemostasis—HRAS—stomach cancer	4.56e-06	4.08e-05	CbGpPWpGaD
Sevoflurane—ALB—Metabolism of lipids and lipoproteins—PIK3CA—stomach cancer	4.48e-06	4.01e-05	CbGpPWpGaD
Sevoflurane—CYP2B6—Metabolism—ALB—stomach cancer	4.41e-06	3.94e-05	CbGpPWpGaD
Sevoflurane—CYP2E1—Metabolism—ALB—stomach cancer	4.32e-06	3.86e-05	CbGpPWpGaD
Sevoflurane—CYP2B6—Metabolism—NOS3—stomach cancer	4.22e-06	3.77e-05	CbGpPWpGaD
Sevoflurane—CYP2E1—Metabolism—NOS3—stomach cancer	4.13e-06	3.69e-05	CbGpPWpGaD
Sevoflurane—ALB—Metabolism—PPARG—stomach cancer	4.13e-06	3.69e-05	CbGpPWpGaD
Sevoflurane—CYP3A4—Metabolism—CD44—stomach cancer	4.05e-06	3.63e-05	CbGpPWpGaD
Sevoflurane—CYP2B6—Metabolism—PTGS2—stomach cancer	3.86e-06	3.45e-05	CbGpPWpGaD
Sevoflurane—CYP2E1—Metabolism—PTGS2—stomach cancer	3.78e-06	3.38e-05	CbGpPWpGaD
Sevoflurane—ALB—Metabolism—NOS3—stomach cancer	3.55e-06	3.17e-05	CbGpPWpGaD
Sevoflurane—CYP3A4—Metabolism—PPP2R1A—stomach cancer	3.45e-06	3.08e-05	CbGpPWpGaD
Sevoflurane—CYP3A4—Metabolism—GSTP1—stomach cancer	3.38e-06	3.03e-05	CbGpPWpGaD
Sevoflurane—CYP3A4—Metabolism—HMOX1—stomach cancer	3.33e-06	2.98e-05	CbGpPWpGaD
Sevoflurane—ALB—Metabolism—PTGS2—stomach cancer	3.25e-06	2.9e-05	CbGpPWpGaD
Sevoflurane—CYP3A4—Metabolism—TYMS—stomach cancer	3.14e-06	2.81e-05	CbGpPWpGaD
Sevoflurane—CYP3A4—Metabolism—GSTM1—stomach cancer	3.11e-06	2.78e-05	CbGpPWpGaD
Sevoflurane—CYP2A6—Metabolism—PIK3CA—stomach cancer	2.94e-06	2.63e-05	CbGpPWpGaD
Sevoflurane—CYP3A4—Metabolism—ERCC2—stomach cancer	2.92e-06	2.61e-05	CbGpPWpGaD
Sevoflurane—CYP3A4—Metabolism—MTHFR—stomach cancer	2.75e-06	2.46e-05	CbGpPWpGaD
Sevoflurane—CYP3A4—Metabolism—CAV1—stomach cancer	2.53e-06	2.27e-05	CbGpPWpGaD
Sevoflurane—CYP3A4—Metabolism—APOA1—stomach cancer	2.53e-06	2.26e-05	CbGpPWpGaD
Sevoflurane—CYP2B6—Metabolism—PIK3CA—stomach cancer	2.37e-06	2.12e-05	CbGpPWpGaD
Sevoflurane—CYP2E1—Metabolism—PIK3CA—stomach cancer	2.32e-06	2.08e-05	CbGpPWpGaD
Sevoflurane—CYP3A4—Metabolism—PPARG—stomach cancer	2.23e-06	1.99e-05	CbGpPWpGaD
Sevoflurane—CYP3A4—Metabolism—ALB—stomach cancer	2e-06	1.79e-05	CbGpPWpGaD
Sevoflurane—ALB—Metabolism—PIK3CA—stomach cancer	2e-06	1.79e-05	CbGpPWpGaD
Sevoflurane—CYP3A4—Metabolism—NOS3—stomach cancer	1.92e-06	1.71e-05	CbGpPWpGaD
Sevoflurane—CYP3A4—Metabolism—PTGS2—stomach cancer	1.75e-06	1.57e-05	CbGpPWpGaD
Sevoflurane—CYP3A4—Metabolism—PIK3CA—stomach cancer	1.08e-06	9.64e-06	CbGpPWpGaD
