nodes	percent_of_prediction	percent_of_DWPC	metapath
Pentobarbital—CHRNA4—attention deficit hyperactivity disorder	0.747	1	CbGaD
Pentobarbital—CHRNA4—autonomic nervous system—attention deficit hyperactivity disorder	0.00716	0.0809	CbGeAlD
Pentobarbital—GRIA2—forebrain—attention deficit hyperactivity disorder	0.0023	0.026	CbGeAlD
Pentobarbital—GABRA5—forebrain—attention deficit hyperactivity disorder	0.00215	0.0243	CbGeAlD
Pentobarbital—CHRFAM7A—forebrain—attention deficit hyperactivity disorder	0.00209	0.0237	CbGeAlD
Pentobarbital—GRIK2—forebrain—attention deficit hyperactivity disorder	0.00208	0.0234	CbGeAlD
Pentobarbital—GABRA4—forebrain—attention deficit hyperactivity disorder	0.00195	0.0221	CbGeAlD
Pentobarbital—CHRNA7—forebrain—attention deficit hyperactivity disorder	0.00169	0.0191	CbGeAlD
Pentobarbital—CHRNA4—forebrain—attention deficit hyperactivity disorder	0.00167	0.0188	CbGeAlD
Pentobarbital—GABRB2—forebrain—attention deficit hyperactivity disorder	0.00163	0.0185	CbGeAlD
Pentobarbital—GABRG2—forebrain—attention deficit hyperactivity disorder	0.00163	0.0185	CbGeAlD
Pentobarbital—GRIA2—midbrain—attention deficit hyperactivity disorder	0.00152	0.0171	CbGeAlD
Pentobarbital—GABRA2—forebrain—attention deficit hyperactivity disorder	0.00149	0.0169	CbGeAlD
Pentobarbital—GABRA1—forebrain—attention deficit hyperactivity disorder	0.00144	0.0163	CbGeAlD
Pentobarbital—CHRNA7—cardiovascular system—attention deficit hyperactivity disorder	0.00143	0.0162	CbGeAlD
Pentobarbital—Thiamylal—GABRQ—attention deficit hyperactivity disorder	0.00143	0.153	CrCbGaD
Pentobarbital—CHRNA4—cardiovascular system—attention deficit hyperactivity disorder	0.00141	0.0159	CbGeAlD
Pentobarbital—GRIK2—midbrain—attention deficit hyperactivity disorder	0.00137	0.0155	CbGeAlD
Pentobarbital—GABRB3—forebrain—attention deficit hyperactivity disorder	0.00125	0.0142	CbGeAlD
Pentobarbital—GRIA2—nervous system—attention deficit hyperactivity disorder	0.00125	0.0141	CbGeAlD
Pentobarbital—Talbutal—GABRQ—attention deficit hyperactivity disorder	0.00122	0.131	CrCbGaD
Pentobarbital—GABRA6—nervous system—attention deficit hyperactivity disorder	0.0012	0.0136	CbGeAlD
Pentobarbital—GRIA2—central nervous system—attention deficit hyperactivity disorder	0.0012	0.0136	CbGeAlD
Pentobarbital—GRIA2—cerebellum—attention deficit hyperactivity disorder	0.00117	0.0133	CbGeAlD
Pentobarbital—GABRA5—nervous system—attention deficit hyperactivity disorder	0.00117	0.0132	CbGeAlD
Pentobarbital—GABRA6—central nervous system—attention deficit hyperactivity disorder	0.00116	0.0131	CbGeAlD
Pentobarbital—CHRFAM7A—nervous system—attention deficit hyperactivity disorder	0.00114	0.0128	CbGeAlD
Pentobarbital—GABRA6—cerebellum—attention deficit hyperactivity disorder	0.00113	0.0128	CbGeAlD
Pentobarbital—GRIK2—nervous system—attention deficit hyperactivity disorder	0.00113	0.0127	CbGeAlD
Pentobarbital—GABRA5—central nervous system—attention deficit hyperactivity disorder	0.00113	0.0127	CbGeAlD
Pentobarbital—CHRNA4—midbrain—attention deficit hyperactivity disorder	0.0011	0.0124	CbGeAlD
Pentobarbital—CHRFAM7A—central nervous system—attention deficit hyperactivity disorder	0.00109	0.0124	CbGeAlD
Pentobarbital—GABRA3—nervous system—attention deficit hyperactivity disorder	0.00109	0.0123	CbGeAlD
Pentobarbital—GRIK2—central nervous system—attention deficit hyperactivity disorder	0.00108	0.0123	CbGeAlD
Pentobarbital—GABRB2—midbrain—attention deficit hyperactivity disorder	0.00108	0.0122	CbGeAlD
Pentobarbital—GABRG2—midbrain—attention deficit hyperactivity disorder	0.00108	0.0122	CbGeAlD
Pentobarbital—GABRA4—nervous system—attention deficit hyperactivity disorder	0.00106	0.012	CbGeAlD
Pentobarbital—GRIK2—cerebellum—attention deficit hyperactivity disorder	0.00106	0.012	CbGeAlD
Pentobarbital—GABRA3—central nervous system—attention deficit hyperactivity disorder	0.00105	0.0118	CbGeAlD
Pentobarbital—GABRA4—central nervous system—attention deficit hyperactivity disorder	0.00102	0.0115	CbGeAlD
Pentobarbital—GABRA4—cerebellum—attention deficit hyperactivity disorder	0.000998	0.0113	CbGeAlD
Pentobarbital—GRIA2—brain—attention deficit hyperactivity disorder	0.000953	0.0108	CbGeAlD
Pentobarbital—GABRA1—midbrain—attention deficit hyperactivity disorder	0.000953	0.0108	CbGeAlD
Pentobarbital—GABRA6—brain—attention deficit hyperactivity disorder	0.000921	0.0104	CbGeAlD
Pentobarbital—CHRNA7—nervous system—attention deficit hyperactivity disorder	0.000918	0.0104	CbGeAlD
Pentobarbital—CHRNA4—nervous system—attention deficit hyperactivity disorder	0.000905	0.0102	CbGeAlD
Pentobarbital—GABRA5—brain—attention deficit hyperactivity disorder	0.000893	0.0101	CbGeAlD
Pentobarbital—GABRG2—nervous system—attention deficit hyperactivity disorder	0.000887	0.01	CbGeAlD
Pentobarbital—GABRB2—nervous system—attention deficit hyperactivity disorder	0.000887	0.01	CbGeAlD
Pentobarbital—CHRNA7—central nervous system—attention deficit hyperactivity disorder	0.000884	0.00998	CbGeAlD
Pentobarbital—CHRNA4—central nervous system—attention deficit hyperactivity disorder	0.000872	0.00985	CbGeAlD
Pentobarbital—CHRFAM7A—brain—attention deficit hyperactivity disorder	0.000869	0.00981	CbGeAlD
Pentobarbital—CYP2A6—cerebellum—attention deficit hyperactivity disorder	0.000863	0.00975	CbGeAlD
Pentobarbital—GRIK2—brain—attention deficit hyperactivity disorder	0.000861	0.00973	CbGeAlD
Pentobarbital—GABRG2—central nervous system—attention deficit hyperactivity disorder	0.000854	0.00965	CbGeAlD
Pentobarbital—GABRB2—central nervous system—attention deficit hyperactivity disorder	0.000854	0.00965	CbGeAlD
Pentobarbital—CHRNA4—cerebellum—attention deficit hyperactivity disorder	0.000852	0.00963	CbGeAlD
Pentobarbital—Heptabarbital—CHRNA4—attention deficit hyperactivity disorder	0.000841	0.0903	CrCbGaD
Pentobarbital—GABRB2—cerebellum—attention deficit hyperactivity disorder	0.000835	0.00943	CbGeAlD
Pentobarbital—GABRG2—cerebellum—attention deficit hyperactivity disorder	0.000835	0.00943	CbGeAlD
Pentobarbital—GABRA3—brain—attention deficit hyperactivity disorder	0.000832	0.0094	CbGeAlD
Pentobarbital—GABRB3—midbrain—attention deficit hyperactivity disorder	0.000829	0.00936	CbGeAlD
Pentobarbital—GABRA4—brain—attention deficit hyperactivity disorder	0.000811	0.00916	CbGeAlD
Pentobarbital—GABRA2—nervous system—attention deficit hyperactivity disorder	0.00081	0.00916	CbGeAlD
Pentobarbital—GABRA1—nervous system—attention deficit hyperactivity disorder	0.000783	0.00885	CbGeAlD
Pentobarbital—GABRA2—central nervous system—attention deficit hyperactivity disorder	0.00078	0.00882	CbGeAlD
Pentobarbital—Butabarbital—CHRNA4—attention deficit hyperactivity disorder	0.00077	0.0826	CrCbGaD
Pentobarbital—GABRA2—cerebellum—attention deficit hyperactivity disorder	0.000763	0.00862	CbGeAlD
Pentobarbital—GABRA1—central nervous system—attention deficit hyperactivity disorder	0.000754	0.00852	CbGeAlD
Pentobarbital—GABRA1—cerebellum—attention deficit hyperactivity disorder	0.000737	0.00833	CbGeAlD
Pentobarbital—Butethal—CHRNA4—attention deficit hyperactivity disorder	0.000729	0.0783	CrCbGaD
Pentobarbital—Butalbital—CHRNA4—attention deficit hyperactivity disorder	0.000712	0.0763	CrCbGaD
Pentobarbital—Aprobarbital—CHRNA4—attention deficit hyperactivity disorder	0.000702	0.0753	CrCbGaD
Pentobarbital—CHRNA7—brain—attention deficit hyperactivity disorder	0.000702	0.00793	CbGeAlD
Pentobarbital—CYP2A6—brain—attention deficit hyperactivity disorder	0.000701	0.00792	CbGeAlD
Pentobarbital—CHRNA4—brain—attention deficit hyperactivity disorder	0.000692	0.00782	CbGeAlD
Pentobarbital—Thiopental—CHRNA4—attention deficit hyperactivity disorder	0.000687	0.0737	CrCbGaD
Pentobarbital—GABRB3—nervous system—attention deficit hyperactivity disorder	0.000681	0.0077	CbGeAlD
Pentobarbital—Amobarbital—CHRNA4—attention deficit hyperactivity disorder	0.000678	0.0727	CrCbGaD
Pentobarbital—GABRG2—brain—attention deficit hyperactivity disorder	0.000678	0.00766	CbGeAlD
Pentobarbital—GABRB2—brain—attention deficit hyperactivity disorder	0.000678	0.00766	CbGeAlD
Pentobarbital—GABRB3—central nervous system—attention deficit hyperactivity disorder	0.000656	0.00741	CbGeAlD
Pentobarbital—GABRB3—cerebellum—attention deficit hyperactivity disorder	0.000641	0.00724	CbGeAlD
Pentobarbital—GABRA2—brain—attention deficit hyperactivity disorder	0.000619	0.007	CbGeAlD
Pentobarbital—Secobarbital—CHRNA4—attention deficit hyperactivity disorder	0.000604	0.0648	CrCbGaD
Pentobarbital—GABRA1—brain—attention deficit hyperactivity disorder	0.000599	0.00676	CbGeAlD
Pentobarbital—Talbutal—CHRNA4—attention deficit hyperactivity disorder	0.000524	0.0562	CrCbGaD
Pentobarbital—GABRB3—brain—attention deficit hyperactivity disorder	0.000521	0.00588	CbGeAlD
Pentobarbital—Phenobarbital—CHRNA4—attention deficit hyperactivity disorder	0.000427	0.0458	CrCbGaD
Pentobarbital—CYP3A4—nervous system—attention deficit hyperactivity disorder	0.000349	0.00394	CbGeAlD
Pentobarbital—CYP3A4—central nervous system—attention deficit hyperactivity disorder	0.000336	0.00379	CbGeAlD
Pentobarbital—CHRNA4—Transmission across Chemical Synapses—CACNB2—attention deficit hyperactivity disorder	0.000297	0.00192	CbGpPWpGaD
Pentobarbital—GABRA6—Neurotransmitter Receptor Binding And Downstream Transmission In The Postsynaptic Cell—CHRNA4—attention deficit hyperactivity disorder	0.000291	0.00188	CbGpPWpGaD
Pentobarbital—CHRNA7—Transmission across Chemical Synapses—SNAP25—attention deficit hyperactivity disorder	0.000291	0.00188	CbGpPWpGaD
Pentobarbital—CHRNA4—SIDS Susceptibility Pathways—SLC6A4—attention deficit hyperactivity disorder	0.00029	0.00187	CbGpPWpGaD
Pentobarbital—CHRNA4—SIDS Susceptibility Pathways—SNAP25—attention deficit hyperactivity disorder	0.00029	0.00187	CbGpPWpGaD
Pentobarbital—GABRA4—Neurotransmitter Receptor Binding And Downstream Transmission In The Postsynaptic Cell—CHRNA4—attention deficit hyperactivity disorder	0.000288	0.00186	CbGpPWpGaD
Pentobarbital—GRIK2—Transmission across Chemical Synapses—SLC6A3—attention deficit hyperactivity disorder	0.000285	0.00185	CbGpPWpGaD
Pentobarbital—CHRNA7—Neuronal System—CACNB2—attention deficit hyperactivity disorder	0.000279	0.00181	CbGpPWpGaD
Pentobarbital—GABRA1—Neuronal System—GABRQ—attention deficit hyperactivity disorder	0.000275	0.00178	CbGpPWpGaD
Pentobarbital—CHRNA7—SIDS Susceptibility Pathways—MAOA—attention deficit hyperactivity disorder	0.000267	0.00173	CbGpPWpGaD
Pentobarbital—CYP2C19—Melatonin metabolism and effects—MAOA—attention deficit hyperactivity disorder	0.000266	0.00172	CbGpPWpGaD
Pentobarbital—GRIK2—Neuronal System—CHRNA4—attention deficit hyperactivity disorder	0.000264	0.00171	CbGpPWpGaD
Pentobarbital—GRIA2—Transmission across Chemical Synapses—CHRNA4—attention deficit hyperactivity disorder	0.000263	0.0017	CbGpPWpGaD
Pentobarbital—GABRB2—Neurotransmitter Receptor Binding And Downstream Transmission In The Postsynaptic Cell—CHRNA4—attention deficit hyperactivity disorder	0.000263	0.0017	CbGpPWpGaD
Pentobarbital—CHRNA7—Transmission across Chemical Synapses—SLC6A3—attention deficit hyperactivity disorder	0.00026	0.00168	CbGpPWpGaD
Pentobarbital—CHRNA7—SIDS Susceptibility Pathways—BDNF—attention deficit hyperactivity disorder	0.000258	0.00167	CbGpPWpGaD
Pentobarbital—GABRA5—Neurotransmitter Receptor Binding And Downstream Transmission In The Postsynaptic Cell—CHRNA4—attention deficit hyperactivity disorder	0.000256	0.00165	CbGpPWpGaD
Pentobarbital—GABRA6—Transmission across Chemical Synapses—CACNB2—attention deficit hyperactivity disorder	0.000255	0.00165	CbGpPWpGaD
Pentobarbital—GABRA4—Transmission across Chemical Synapses—CACNB2—attention deficit hyperactivity disorder	0.000251	0.00163	CbGpPWpGaD
Pentobarbital—GABRA3—Neurotransmitter Receptor Binding And Downstream Transmission In The Postsynaptic Cell—CHRNA4—attention deficit hyperactivity disorder	0.000251	0.00162	CbGpPWpGaD
Pentobarbital—GABRA2—Neurotransmitter Receptor Binding And Downstream Transmission In The Postsynaptic Cell—CHRNA4—attention deficit hyperactivity disorder	0.000247	0.0016	CbGpPWpGaD
Pentobarbital—GRIK2—Neuronal System—SNAP25—attention deficit hyperactivity disorder	0.000245	0.00159	CbGpPWpGaD
Pentobarbital—GABRB3—Neurotransmitter Receptor Binding And Downstream Transmission In The Postsynaptic Cell—CHRNA4—attention deficit hyperactivity disorder	0.000245	0.00158	CbGpPWpGaD
Pentobarbital—GRIA2—Transmission across Chemical Synapses—SNAP25—attention deficit hyperactivity disorder	0.000245	0.00158	CbGpPWpGaD
Pentobarbital—GRIK2—Transmission across Chemical Synapses—COMT—attention deficit hyperactivity disorder	0.000243	0.00157	CbGpPWpGaD
Pentobarbital—GRIK2—Transmission across Chemical Synapses—MAOA—attention deficit hyperactivity disorder	0.000241	0.00156	CbGpPWpGaD
Pentobarbital—GABRG2—Neurotransmitter Receptor Binding And Downstream Transmission In The Postsynaptic Cell—CHRNA4—attention deficit hyperactivity disorder	0.000241	0.00156	CbGpPWpGaD
Pentobarbital—CHRNA7—Neuronal System—CHRNA4—attention deficit hyperactivity disorder	0.00024	0.00155	CbGpPWpGaD
Pentobarbital—CHRNA4—Transmission across Chemical Synapses—SNAP25—attention deficit hyperactivity disorder	0.000237	0.00154	CbGpPWpGaD
Pentobarbital—CYP3A4—Estrogen metabolism—COMT—attention deficit hyperactivity disorder	0.000236	0.00153	CbGpPWpGaD
Pentobarbital—GRIA2—Neuronal System—CACNB2—attention deficit hyperactivity disorder	0.000235	0.00152	CbGpPWpGaD
Pentobarbital—GRIA2—BDNF signaling pathway—BDNF—attention deficit hyperactivity disorder	0.000231	0.0015	CbGpPWpGaD
Pentobarbital—GABRB2—Transmission across Chemical Synapses—CACNB2—attention deficit hyperactivity disorder	0.00023	0.00149	CbGpPWpGaD
Pentobarbital—CHRNA4—Neuronal System—CACNB2—attention deficit hyperactivity disorder	0.000228	0.00147	CbGpPWpGaD
Pentobarbital—GABRA1—SIDS Susceptibility Pathways—TPH2—attention deficit hyperactivity disorder	0.000224	0.00145	CbGpPWpGaD
Pentobarbital—GABRA5—Transmission across Chemical Synapses—CACNB2—attention deficit hyperactivity disorder	0.000223	0.00145	CbGpPWpGaD
Pentobarbital—CHRNA7—Neuronal System—SNAP25—attention deficit hyperactivity disorder	0.000223	0.00144	CbGpPWpGaD
Pentobarbital—CHRNA7—Transmission across Chemical Synapses—COMT—attention deficit hyperactivity disorder	0.000221	0.00143	CbGpPWpGaD
Pentobarbital—GABRA3—Transmission across Chemical Synapses—CACNB2—attention deficit hyperactivity disorder	0.000219	0.00142	CbGpPWpGaD
Pentobarbital—CHRNA7—Transmission across Chemical Synapses—MAOA—attention deficit hyperactivity disorder	0.000219	0.00142	CbGpPWpGaD
Pentobarbital—GABRA6—Transmission across Chemical Synapses—CHRNA4—attention deficit hyperactivity disorder	0.000219	0.00142	CbGpPWpGaD
Pentobarbital—GRIK2—Neuronal System—SLC6A3—attention deficit hyperactivity disorder	0.000219	0.00141	CbGpPWpGaD
Pentobarbital—GRIA2—Transmission across Chemical Synapses—SLC6A3—attention deficit hyperactivity disorder	0.000218	0.00141	CbGpPWpGaD
Pentobarbital—CHRNA4—SIDS Susceptibility Pathways—MAOA—attention deficit hyperactivity disorder	0.000218	0.00141	CbGpPWpGaD
Pentobarbital—CHRNA7—SIDS Susceptibility Pathways—HTR2A—attention deficit hyperactivity disorder	0.000218	0.00141	CbGpPWpGaD
Pentobarbital—GABRA4—Transmission across Chemical Synapses—CHRNA4—attention deficit hyperactivity disorder	0.000216	0.0014	CbGpPWpGaD
Pentobarbital—GABRA2—Transmission across Chemical Synapses—CACNB2—attention deficit hyperactivity disorder	0.000216	0.00139	CbGpPWpGaD
Pentobarbital—GABRA6—Transmembrane transport of small molecules—SLC9A9—attention deficit hyperactivity disorder	0.000215	0.00139	CbGpPWpGaD
Pentobarbital—GABRB3—Transmission across Chemical Synapses—CACNB2—attention deficit hyperactivity disorder	0.000214	0.00139	CbGpPWpGaD
Pentobarbital—GABRA4—Transmembrane transport of small molecules—SLC9A9—attention deficit hyperactivity disorder	0.000212	0.00137	CbGpPWpGaD
Pentobarbital—CHRNA4—Transmission across Chemical Synapses—SLC6A3—attention deficit hyperactivity disorder	0.000212	0.00137	CbGpPWpGaD
Pentobarbital—GABRG2—Transmission across Chemical Synapses—CACNB2—attention deficit hyperactivity disorder	0.00021	0.00136	CbGpPWpGaD
Pentobarbital—GABRA1—Neurotransmitter Receptor Binding And Downstream Transmission In The Postsynaptic Cell—CHRNA4—attention deficit hyperactivity disorder	0.00021	0.00136	CbGpPWpGaD
Pentobarbital—CHRNA4—SIDS Susceptibility Pathways—BDNF—attention deficit hyperactivity disorder	0.00021	0.00136	CbGpPWpGaD
Pentobarbital—GABRA6—Transmembrane transport of small molecules—GABRQ—attention deficit hyperactivity disorder	0.000205	0.00133	CbGpPWpGaD
Pentobarbital—GABRA6—Transmission across Chemical Synapses—SNAP25—attention deficit hyperactivity disorder	0.000204	0.00132	CbGpPWpGaD
Pentobarbital—GABRA4—Transmembrane transport of small molecules—GABRQ—attention deficit hyperactivity disorder	0.000202	0.00131	CbGpPWpGaD
Pentobarbital—GRIA2—Neuronal System—CHRNA4—attention deficit hyperactivity disorder	0.000202	0.0013	CbGpPWpGaD
Pentobarbital—GABRA4—Transmission across Chemical Synapses—SNAP25—attention deficit hyperactivity disorder	0.000201	0.0013	CbGpPWpGaD
Pentobarbital—CHRNA7—Neuronal System—SLC6A3—attention deficit hyperactivity disorder	0.000199	0.00129	CbGpPWpGaD
Pentobarbital—CYP2A6—Phase 1 - Functionalization of compounds—MAOA—attention deficit hyperactivity disorder	0.000198	0.00128	CbGpPWpGaD
Pentobarbital—GABRB2—Transmission across Chemical Synapses—CHRNA4—attention deficit hyperactivity disorder	0.000198	0.00128	CbGpPWpGaD
Pentobarbital—GABRA6—Neuronal System—CACNB2—attention deficit hyperactivity disorder	0.000195	0.00126	CbGpPWpGaD
Pentobarbital—GABRB2—Transmembrane transport of small molecules—SLC9A9—attention deficit hyperactivity disorder	0.000194	0.00125	CbGpPWpGaD
Pentobarbital—GABRA1—SIDS Susceptibility Pathways—CHRNA4—attention deficit hyperactivity disorder	0.000193	0.00125	CbGpPWpGaD
Pentobarbital—GABRA4—Neuronal System—CACNB2—attention deficit hyperactivity disorder	0.000193	0.00125	CbGpPWpGaD
Pentobarbital—GABRA5—Transmission across Chemical Synapses—CHRNA4—attention deficit hyperactivity disorder	0.000192	0.00124	CbGpPWpGaD
Pentobarbital—GABRA3—Transmission across Chemical Synapses—CHRNA4—attention deficit hyperactivity disorder	0.000189	0.00122	CbGpPWpGaD
Pentobarbital—GABRA5—Transmembrane transport of small molecules—SLC9A9—attention deficit hyperactivity disorder	0.000188	0.00122	CbGpPWpGaD
Pentobarbital—GRIA2—Neuronal System—SNAP25—attention deficit hyperactivity disorder	0.000188	0.00121	CbGpPWpGaD
Pentobarbital—GRIK2—Neuronal System—COMT—attention deficit hyperactivity disorder	0.000186	0.0012	CbGpPWpGaD
Pentobarbital—GRIA2—Transmission across Chemical Synapses—COMT—attention deficit hyperactivity disorder	0.000185	0.0012	CbGpPWpGaD
Pentobarbital—GABRA2—Transmission across Chemical Synapses—CHRNA4—attention deficit hyperactivity disorder	0.000185	0.0012	CbGpPWpGaD
Pentobarbital—GABRB2—Transmembrane transport of small molecules—GABRQ—attention deficit hyperactivity disorder	0.000185	0.0012	CbGpPWpGaD
Pentobarbital—GABRA3—Transmembrane transport of small molecules—SLC9A9—attention deficit hyperactivity disorder	0.000185	0.0012	CbGpPWpGaD
Pentobarbital—GRIK2—Neuronal System—MAOA—attention deficit hyperactivity disorder	0.000185	0.00119	CbGpPWpGaD
Pentobarbital—GRIA2—Transmission across Chemical Synapses—MAOA—attention deficit hyperactivity disorder	0.000184	0.00119	CbGpPWpGaD
Pentobarbital—GABRB3—Transmission across Chemical Synapses—CHRNA4—attention deficit hyperactivity disorder	0.000184	0.00119	CbGpPWpGaD
Pentobarbital—GABRB2—Transmission across Chemical Synapses—SNAP25—attention deficit hyperactivity disorder	0.000184	0.00119	CbGpPWpGaD
Pentobarbital—GABRA1—Transmission across Chemical Synapses—CACNB2—attention deficit hyperactivity disorder	0.000184	0.00119	CbGpPWpGaD
Pentobarbital—CHRNA4—Neuronal System—SNAP25—attention deficit hyperactivity disorder	0.000182	0.00118	CbGpPWpGaD
Pentobarbital—GABRA2—Transmembrane transport of small molecules—SLC9A9—attention deficit hyperactivity disorder	0.000182	0.00118	CbGpPWpGaD
Pentobarbital—GABRA6—Transmission across Chemical Synapses—SLC6A3—attention deficit hyperactivity disorder	0.000181	0.00117	CbGpPWpGaD
Pentobarbital—GABRG2—Transmission across Chemical Synapses—CHRNA4—attention deficit hyperactivity disorder	0.000181	0.00117	CbGpPWpGaD
Pentobarbital—GABRB3—Transmembrane transport of small molecules—SLC9A9—attention deficit hyperactivity disorder	0.000181	0.00117	CbGpPWpGaD
Pentobarbital—CHRNA4—Transmission across Chemical Synapses—COMT—attention deficit hyperactivity disorder	0.00018	0.00116	CbGpPWpGaD
Pentobarbital—GABRA5—Transmembrane transport of small molecules—GABRQ—attention deficit hyperactivity disorder	0.00018	0.00116	CbGpPWpGaD
Pentobarbital—GABRA1—SIDS Susceptibility Pathways—SNAP25—attention deficit hyperactivity disorder	0.000179	0.00116	CbGpPWpGaD
Pentobarbital—GABRA1—SIDS Susceptibility Pathways—SLC6A4—attention deficit hyperactivity disorder	0.000179	0.00116	CbGpPWpGaD
Pentobarbital—GABRA4—Transmission across Chemical Synapses—SLC6A3—attention deficit hyperactivity disorder	0.000179	0.00116	CbGpPWpGaD
Pentobarbital—CHRNA4—Transmission across Chemical Synapses—MAOA—attention deficit hyperactivity disorder	0.000179	0.00116	CbGpPWpGaD
Pentobarbital—GABRA5—Transmission across Chemical Synapses—SNAP25—attention deficit hyperactivity disorder	0.000179	0.00116	CbGpPWpGaD
Pentobarbital—CHRNA4—SIDS Susceptibility Pathways—HTR2A—attention deficit hyperactivity disorder	0.000178	0.00115	CbGpPWpGaD
Pentobarbital—GABRG2—Transmembrane transport of small molecules—SLC9A9—attention deficit hyperactivity disorder	0.000177	0.00115	CbGpPWpGaD
Pentobarbital—GABRA3—Transmembrane transport of small molecules—GABRQ—attention deficit hyperactivity disorder	0.000177	0.00114	CbGpPWpGaD
Pentobarbital—GABRB2—Neuronal System—CACNB2—attention deficit hyperactivity disorder	0.000176	0.00114	CbGpPWpGaD
Pentobarbital—GABRA3—Transmission across Chemical Synapses—SNAP25—attention deficit hyperactivity disorder	0.000175	0.00113	CbGpPWpGaD
Pentobarbital—GABRA2—Transmembrane transport of small molecules—GABRQ—attention deficit hyperactivity disorder	0.000173	0.00112	CbGpPWpGaD
Pentobarbital—GABRB3—Transmembrane transport of small molecules—GABRQ—attention deficit hyperactivity disorder	0.000172	0.00111	CbGpPWpGaD
Pentobarbital—GABRA2—Transmission across Chemical Synapses—SNAP25—attention deficit hyperactivity disorder	0.000172	0.00111	CbGpPWpGaD
Pentobarbital—GABRB3—Transmission across Chemical Synapses—SNAP25—attention deficit hyperactivity disorder	0.000171	0.00111	CbGpPWpGaD
Pentobarbital—GABRA5—Neuronal System—CACNB2—attention deficit hyperactivity disorder	0.000171	0.00111	CbGpPWpGaD
Pentobarbital—GABRG2—Transmembrane transport of small molecules—GABRQ—attention deficit hyperactivity disorder	0.000169	0.00109	CbGpPWpGaD
Pentobarbital—CHRNA7—Neuronal System—COMT—attention deficit hyperactivity disorder	0.000169	0.00109	CbGpPWpGaD
Pentobarbital—GABRG2—Transmission across Chemical Synapses—SNAP25—attention deficit hyperactivity disorder	0.000168	0.00109	CbGpPWpGaD
Pentobarbital—GABRA3—Neuronal System—CACNB2—attention deficit hyperactivity disorder	0.000168	0.00109	CbGpPWpGaD
Pentobarbital—CHRNA7—Neuronal System—MAOA—attention deficit hyperactivity disorder	0.000168	0.00109	CbGpPWpGaD
Pentobarbital—GABRA6—Neuronal System—CHRNA4—attention deficit hyperactivity disorder	0.000168	0.00109	CbGpPWpGaD
Pentobarbital—GRIA2—Neuronal System—SLC6A3—attention deficit hyperactivity disorder	0.000167	0.00108	CbGpPWpGaD
Pentobarbital—GABRA4—Neuronal System—CHRNA4—attention deficit hyperactivity disorder	0.000166	0.00107	CbGpPWpGaD
Pentobarbital—GABRA2—Neuronal System—CACNB2—attention deficit hyperactivity disorder	0.000165	0.00107	CbGpPWpGaD
Pentobarbital—GABRB3—Neuronal System—CACNB2—attention deficit hyperactivity disorder	0.000164	0.00106	CbGpPWpGaD
Pentobarbital—GABRB2—Transmission across Chemical Synapses—SLC6A3—attention deficit hyperactivity disorder	0.000164	0.00106	CbGpPWpGaD
Pentobarbital—CHRNA4—Neuronal System—SLC6A3—attention deficit hyperactivity disorder	0.000162	0.00105	CbGpPWpGaD
Pentobarbital—GABRB3—BDNF signaling pathway—BDNF—attention deficit hyperactivity disorder	0.000162	0.00105	CbGpPWpGaD
Pentobarbital—GABRG2—Neuronal System—CACNB2—attention deficit hyperactivity disorder	0.000161	0.00104	CbGpPWpGaD
Pentobarbital—CYP2A6—NRF2 pathway—SLC6A4—attention deficit hyperactivity disorder	0.000159	0.00103	CbGpPWpGaD
Pentobarbital—GABRA5—Transmission across Chemical Synapses—SLC6A3—attention deficit hyperactivity disorder	0.000159	0.00103	CbGpPWpGaD
Pentobarbital—GABRA1—Transmission across Chemical Synapses—CHRNA4—attention deficit hyperactivity disorder	0.000158	0.00102	CbGpPWpGaD
Pentobarbital—GABRA3—Transmission across Chemical Synapses—SLC6A3—attention deficit hyperactivity disorder	0.000156	0.00101	CbGpPWpGaD
Pentobarbital—GABRA6—Neuronal System—SNAP25—attention deficit hyperactivity disorder	0.000156	0.00101	CbGpPWpGaD
Pentobarbital—GABRA1—Transmembrane transport of small molecules—SLC9A9—attention deficit hyperactivity disorder	0.000155	0.001	CbGpPWpGaD
Pentobarbital—GABRA6—Transmission across Chemical Synapses—COMT—attention deficit hyperactivity disorder	0.000154	0.000998	CbGpPWpGaD
Pentobarbital—GABRA4—Neuronal System—SNAP25—attention deficit hyperactivity disorder	0.000154	0.000996	CbGpPWpGaD
Pentobarbital—GABRA2—Transmission across Chemical Synapses—SLC6A3—attention deficit hyperactivity disorder	0.000154	0.000994	CbGpPWpGaD
Pentobarbital—GABRA6—Transmission across Chemical Synapses—MAOA—attention deficit hyperactivity disorder	0.000153	0.000991	CbGpPWpGaD
Pentobarbital—GABRB3—Transmission across Chemical Synapses—SLC6A3—attention deficit hyperactivity disorder	0.000153	0.000987	CbGpPWpGaD
Pentobarbital—GABRA4—Transmission across Chemical Synapses—COMT—attention deficit hyperactivity disorder	0.000152	0.000985	CbGpPWpGaD
Pentobarbital—GABRB2—Neuronal System—CHRNA4—attention deficit hyperactivity disorder	0.000152	0.00098	CbGpPWpGaD
Pentobarbital—GABRA4—Transmission across Chemical Synapses—MAOA—attention deficit hyperactivity disorder	0.000151	0.000978	CbGpPWpGaD
Pentobarbital—GABRG2—Transmission across Chemical Synapses—SLC6A3—attention deficit hyperactivity disorder	0.00015	0.000969	CbGpPWpGaD
Pentobarbital—GABRA1—Transmembrane transport of small molecules—GABRQ—attention deficit hyperactivity disorder	0.000148	0.000957	CbGpPWpGaD
Pentobarbital—GABRA5—Neuronal System—CHRNA4—attention deficit hyperactivity disorder	0.000147	0.000952	CbGpPWpGaD
Pentobarbital—GABRA1—Transmission across Chemical Synapses—SNAP25—attention deficit hyperactivity disorder	0.000147	0.000951	CbGpPWpGaD
Pentobarbital—GABRA3—Neuronal System—CHRNA4—attention deficit hyperactivity disorder	0.000145	0.000935	CbGpPWpGaD
Pentobarbital—GRIA2—Neuronal System—COMT—attention deficit hyperactivity disorder	0.000142	0.000919	CbGpPWpGaD
Pentobarbital—GABRA2—Neuronal System—CHRNA4—attention deficit hyperactivity disorder	0.000142	0.000919	CbGpPWpGaD
Pentobarbital—CYP2A6—NRF2 pathway—SLC6A3—attention deficit hyperactivity disorder	0.000142	0.000919	CbGpPWpGaD
Pentobarbital—GRIA2—Neuronal System—MAOA—attention deficit hyperactivity disorder	0.000141	0.000913	CbGpPWpGaD
Pentobarbital—GABRB3—Neuronal System—CHRNA4—attention deficit hyperactivity disorder	0.000141	0.000913	CbGpPWpGaD
Pentobarbital—GABRB2—Neuronal System—SNAP25—attention deficit hyperactivity disorder	0.000141	0.000911	CbGpPWpGaD
Pentobarbital—GABRA1—Neuronal System—CACNB2—attention deficit hyperactivity disorder	0.000141	0.000911	CbGpPWpGaD
Pentobarbital—GABRB2—Transmission across Chemical Synapses—COMT—attention deficit hyperactivity disorder	0.000139	0.000901	CbGpPWpGaD
Pentobarbital—GABRA6—Neuronal System—SLC6A3—attention deficit hyperactivity disorder	0.000139	0.000899	CbGpPWpGaD
Pentobarbital—GABRG2—Neuronal System—CHRNA4—attention deficit hyperactivity disorder	0.000139	0.000896	CbGpPWpGaD
Pentobarbital—GABRB2—Transmission across Chemical Synapses—MAOA—attention deficit hyperactivity disorder	0.000138	0.000895	CbGpPWpGaD
Pentobarbital—CHRNA4—Neuronal System—COMT—attention deficit hyperactivity disorder	0.000138	0.000892	CbGpPWpGaD
Pentobarbital—GABRA4—Neuronal System—SLC6A3—attention deficit hyperactivity disorder	0.000137	0.000888	CbGpPWpGaD
Pentobarbital—CHRNA4—Neuronal System—MAOA—attention deficit hyperactivity disorder	0.000137	0.000885	CbGpPWpGaD
Pentobarbital—GABRA5—Neuronal System—SNAP25—attention deficit hyperactivity disorder	0.000137	0.000885	CbGpPWpGaD
Pentobarbital—GABRA5—Transmission across Chemical Synapses—COMT—attention deficit hyperactivity disorder	0.000135	0.000875	CbGpPWpGaD
Pentobarbital—GABRA1—SIDS Susceptibility Pathways—MAOA—attention deficit hyperactivity disorder	0.000135	0.000873	CbGpPWpGaD
Pentobarbital—GABRA5—Transmission across Chemical Synapses—MAOA—attention deficit hyperactivity disorder	0.000134	0.000869	CbGpPWpGaD
Pentobarbital—GABRA3—Neuronal System—SNAP25—attention deficit hyperactivity disorder	0.000134	0.000869	CbGpPWpGaD
Pentobarbital—GABRA3—Transmission across Chemical Synapses—COMT—attention deficit hyperactivity disorder	0.000133	0.00086	CbGpPWpGaD
Pentobarbital—GABRA2—Neuronal System—SNAP25—attention deficit hyperactivity disorder	0.000132	0.000854	CbGpPWpGaD
Pentobarbital—GABRA3—Transmission across Chemical Synapses—MAOA—attention deficit hyperactivity disorder	0.000132	0.000854	CbGpPWpGaD
Pentobarbital—GABRB3—Neuronal System—SNAP25—attention deficit hyperactivity disorder	0.000131	0.000849	CbGpPWpGaD
Pentobarbital—GABRA1—Transmission across Chemical Synapses—SLC6A3—attention deficit hyperactivity disorder	0.000131	0.000847	CbGpPWpGaD
Pentobarbital—GABRA2—Transmission across Chemical Synapses—COMT—attention deficit hyperactivity disorder	0.000131	0.000845	CbGpPWpGaD
Pentobarbital—GABRA1—SIDS Susceptibility Pathways—BDNF—attention deficit hyperactivity disorder	0.00013	0.000842	CbGpPWpGaD
Pentobarbital—GABRB3—Transmission across Chemical Synapses—COMT—attention deficit hyperactivity disorder	0.00013	0.000839	CbGpPWpGaD
Pentobarbital—GABRA2—Transmission across Chemical Synapses—MAOA—attention deficit hyperactivity disorder	0.00013	0.000839	CbGpPWpGaD
Pentobarbital—GABRB3—Transmission across Chemical Synapses—MAOA—attention deficit hyperactivity disorder	0.000129	0.000833	CbGpPWpGaD
Pentobarbital—GABRG2—Neuronal System—SNAP25—attention deficit hyperactivity disorder	0.000129	0.000833	CbGpPWpGaD
Pentobarbital—GABRG2—Transmission across Chemical Synapses—COMT—attention deficit hyperactivity disorder	0.000127	0.000824	CbGpPWpGaD
Pentobarbital—GABRG2—Transmission across Chemical Synapses—MAOA—attention deficit hyperactivity disorder	0.000127	0.000818	CbGpPWpGaD
Pentobarbital—GABRB2—Neuronal System—SLC6A3—attention deficit hyperactivity disorder	0.000126	0.000812	CbGpPWpGaD
Pentobarbital—GABRA5—Neuronal System—SLC6A3—attention deficit hyperactivity disorder	0.000122	0.000789	CbGpPWpGaD
Pentobarbital—GABRA1—Neuronal System—CHRNA4—attention deficit hyperactivity disorder	0.000121	0.000783	CbGpPWpGaD
Pentobarbital—CYP2C19—Phase 1 - Functionalization of compounds—MAOA—attention deficit hyperactivity disorder	0.000121	0.000781	CbGpPWpGaD
Pentobarbital—GABRA3—Neuronal System—SLC6A3—attention deficit hyperactivity disorder	0.00012	0.000775	CbGpPWpGaD
Pentobarbital—GABRA6—Neuronal System—COMT—attention deficit hyperactivity disorder	0.000118	0.000765	CbGpPWpGaD
Pentobarbital—GABRA2—Neuronal System—SLC6A3—attention deficit hyperactivity disorder	0.000118	0.000761	CbGpPWpGaD
Pentobarbital—GABRA6—Neuronal System—MAOA—attention deficit hyperactivity disorder	0.000117	0.000759	CbGpPWpGaD
Pentobarbital—GABRB3—Neuronal System—SLC6A3—attention deficit hyperactivity disorder	0.000117	0.000756	CbGpPWpGaD
Pentobarbital—GABRA4—Neuronal System—COMT—attention deficit hyperactivity disorder	0.000117	0.000755	CbGpPWpGaD
Pentobarbital—GABRA4—Neuronal System—MAOA—attention deficit hyperactivity disorder	0.000116	0.00075	CbGpPWpGaD
Pentobarbital—CHRNA7—SIDS Susceptibility Pathways—EP300—attention deficit hyperactivity disorder	0.000115	0.000747	CbGpPWpGaD
Pentobarbital—GABRG2—Neuronal System—SLC6A3—attention deficit hyperactivity disorder	0.000115	0.000743	CbGpPWpGaD
Pentobarbital—GABRA1—Neuronal System—SNAP25—attention deficit hyperactivity disorder	0.000113	0.000728	CbGpPWpGaD
Pentobarbital—GABRA1—Transmission across Chemical Synapses—COMT—attention deficit hyperactivity disorder	0.000111	0.00072	CbGpPWpGaD
Pentobarbital—GABRA1—Transmission across Chemical Synapses—MAOA—attention deficit hyperactivity disorder	0.000111	0.000715	CbGpPWpGaD
Pentobarbital—GABRA1—SIDS Susceptibility Pathways—HTR2A—attention deficit hyperactivity disorder	0.00011	0.000711	CbGpPWpGaD
Pentobarbital—GABRB2—Neuronal System—COMT—attention deficit hyperactivity disorder	0.000107	0.00069	CbGpPWpGaD
Pentobarbital—GABRB2—Neuronal System—MAOA—attention deficit hyperactivity disorder	0.000106	0.000686	CbGpPWpGaD
Pentobarbital—CYP2A6—Biological oxidations—COMT—attention deficit hyperactivity disorder	0.000106	0.000685	CbGpPWpGaD
Pentobarbital—CYP2A6—Biological oxidations—MAOA—attention deficit hyperactivity disorder	0.000105	0.00068	CbGpPWpGaD
Pentobarbital—GABRA5—Neuronal System—COMT—attention deficit hyperactivity disorder	0.000104	0.000671	CbGpPWpGaD
Pentobarbital—GABRA5—Neuronal System—MAOA—attention deficit hyperactivity disorder	0.000103	0.000666	CbGpPWpGaD
Pentobarbital—GABRA3—Neuronal System—COMT—attention deficit hyperactivity disorder	0.000102	0.000659	CbGpPWpGaD
Pentobarbital—GABRA3—Neuronal System—MAOA—attention deficit hyperactivity disorder	0.000101	0.000654	CbGpPWpGaD
Pentobarbital—GABRA1—Neuronal System—SLC6A3—attention deficit hyperactivity disorder	0.0001	0.000649	CbGpPWpGaD
Pentobarbital—GABRA2—Neuronal System—COMT—attention deficit hyperactivity disorder	0.0001	0.000647	CbGpPWpGaD
Pentobarbital—GABRB3—Neuronal System—COMT—attention deficit hyperactivity disorder	9.94e-05	0.000643	CbGpPWpGaD
Pentobarbital—GABRA2—Neuronal System—MAOA—attention deficit hyperactivity disorder	9.94e-05	0.000643	CbGpPWpGaD
Pentobarbital—GABRB3—Neuronal System—MAOA—attention deficit hyperactivity disorder	9.87e-05	0.000639	CbGpPWpGaD
Pentobarbital—GABRG2—Neuronal System—COMT—attention deficit hyperactivity disorder	9.76e-05	0.000632	CbGpPWpGaD
Pentobarbital—GABRG2—Neuronal System—MAOA—attention deficit hyperactivity disorder	9.69e-05	0.000627	CbGpPWpGaD
Pentobarbital—CHRNA4—SIDS Susceptibility Pathways—EP300—attention deficit hyperactivity disorder	9.41e-05	0.000609	CbGpPWpGaD
Pentobarbital—GABRA1—Neuronal System—COMT—attention deficit hyperactivity disorder	8.53e-05	0.000552	CbGpPWpGaD
Pentobarbital—GABRA1—Neuronal System—MAOA—attention deficit hyperactivity disorder	8.47e-05	0.000548	CbGpPWpGaD
Pentobarbital—GABRA6—Transmembrane transport of small molecules—SLC6A3—attention deficit hyperactivity disorder	7.47e-05	0.000483	CbGpPWpGaD
Pentobarbital—GABRA4—Transmembrane transport of small molecules—SLC6A3—attention deficit hyperactivity disorder	7.38e-05	0.000477	CbGpPWpGaD
Pentobarbital—CYP3A4—Phase 1 - Functionalization of compounds—MAOA—attention deficit hyperactivity disorder	7.26e-05	0.00047	CbGpPWpGaD
Pentobarbital—GABRB2—Transmembrane transport of small molecules—SLC6A3—attention deficit hyperactivity disorder	6.75e-05	0.000437	CbGpPWpGaD
Pentobarbital—GABRA5—Transmembrane transport of small molecules—SLC6A3—attention deficit hyperactivity disorder	6.56e-05	0.000424	CbGpPWpGaD
Pentobarbital—CYP2C19—Biological oxidations—COMT—attention deficit hyperactivity disorder	6.46e-05	0.000418	CbGpPWpGaD
Pentobarbital—GABRA3—Transmembrane transport of small molecules—SLC6A3—attention deficit hyperactivity disorder	6.44e-05	0.000417	CbGpPWpGaD
Pentobarbital—CYP2C19—Biological oxidations—MAOA—attention deficit hyperactivity disorder	6.41e-05	0.000415	CbGpPWpGaD
Pentobarbital—CYP2C19—Metapathway biotransformation—COMT—attention deficit hyperactivity disorder	6.37e-05	0.000412	CbGpPWpGaD
Pentobarbital—GABRA2—Transmembrane transport of small molecules—SLC6A3—attention deficit hyperactivity disorder	6.33e-05	0.000409	CbGpPWpGaD
Pentobarbital—GABRB3—Transmembrane transport of small molecules—SLC6A3—attention deficit hyperactivity disorder	6.29e-05	0.000407	CbGpPWpGaD
Pentobarbital—GABRG2—Transmembrane transport of small molecules—SLC6A3—attention deficit hyperactivity disorder	6.17e-05	0.000399	CbGpPWpGaD
Pentobarbital—GABRA1—SIDS Susceptibility Pathways—EP300—attention deficit hyperactivity disorder	5.83e-05	0.000377	CbGpPWpGaD
Pentobarbital—GABRA1—Transmembrane transport of small molecules—SLC6A3—attention deficit hyperactivity disorder	5.4e-05	0.000349	CbGpPWpGaD
Pentobarbital—CYP2A6—Metabolism—ADRA2C—attention deficit hyperactivity disorder	4.33e-05	0.00028	CbGpPWpGaD
Pentobarbital—CYP3A4—Biological oxidations—COMT—attention deficit hyperactivity disorder	3.88e-05	0.000251	CbGpPWpGaD
Pentobarbital—CYP3A4—Biological oxidations—MAOA—attention deficit hyperactivity disorder	3.86e-05	0.000249	CbGpPWpGaD
Pentobarbital—CYP3A4—Metapathway biotransformation—COMT—attention deficit hyperactivity disorder	3.83e-05	0.000248	CbGpPWpGaD
Pentobarbital—CYP2A6—Metabolism—TPH2—attention deficit hyperactivity disorder	2.99e-05	0.000193	CbGpPWpGaD
Pentobarbital—CYP2A6—Metabolism—CACNB2—attention deficit hyperactivity disorder	2.99e-05	0.000193	CbGpPWpGaD
Pentobarbital—CYP2A6—Metabolism—DPYD—attention deficit hyperactivity disorder	2.94e-05	0.00019	CbGpPWpGaD
Pentobarbital—CYP2A6—Metabolism—CACNA1C—attention deficit hyperactivity disorder	2.73e-05	0.000177	CbGpPWpGaD
Pentobarbital—CYP2C19—Metabolism—ADRA2C—attention deficit hyperactivity disorder	2.64e-05	0.000171	CbGpPWpGaD
Pentobarbital—CYP2A6—Metabolism—SNAP25—attention deficit hyperactivity disorder	2.39e-05	0.000155	CbGpPWpGaD
Pentobarbital—CYP2A6—Metabolism—ADRA2A—attention deficit hyperactivity disorder	2.28e-05	0.000147	CbGpPWpGaD
Pentobarbital—CYP2C19—Metabolism—TPH2—attention deficit hyperactivity disorder	1.82e-05	0.000118	CbGpPWpGaD
Pentobarbital—CYP2C19—Metabolism—CACNB2—attention deficit hyperactivity disorder	1.82e-05	0.000118	CbGpPWpGaD
Pentobarbital—CYP2A6—Metabolism—COMT—attention deficit hyperactivity disorder	1.81e-05	0.000117	CbGpPWpGaD
Pentobarbital—CYP2A6—Metabolism—MAOA—attention deficit hyperactivity disorder	1.8e-05	0.000116	CbGpPWpGaD
Pentobarbital—CYP2C19—Metabolism—DPYD—attention deficit hyperactivity disorder	1.79e-05	0.000116	CbGpPWpGaD
Pentobarbital—CYP2C19—Metabolism—CACNA1C—attention deficit hyperactivity disorder	1.67e-05	0.000108	CbGpPWpGaD
Pentobarbital—CYP3A4—Metabolism—ADRA2C—attention deficit hyperactivity disorder	1.59e-05	0.000103	CbGpPWpGaD
Pentobarbital—CYP2C19—Metabolism—SNAP25—attention deficit hyperactivity disorder	1.46e-05	9.43e-05	CbGpPWpGaD
Pentobarbital—CYP2C19—Metabolism—ADRA2A—attention deficit hyperactivity disorder	1.39e-05	8.97e-05	CbGpPWpGaD
Pentobarbital—CYP2C19—Metabolism—COMT—attention deficit hyperactivity disorder	1.1e-05	7.14e-05	CbGpPWpGaD
Pentobarbital—CYP2C19—Metabolism—MAOA—attention deficit hyperactivity disorder	1.1e-05	7.09e-05	CbGpPWpGaD
Pentobarbital—CYP3A4—Metabolism—TPH2—attention deficit hyperactivity disorder	1.1e-05	7.09e-05	CbGpPWpGaD
Pentobarbital—CYP3A4—Metabolism—CACNB2—attention deficit hyperactivity disorder	1.1e-05	7.09e-05	CbGpPWpGaD
Pentobarbital—CYP3A4—Metabolism—DPYD—attention deficit hyperactivity disorder	1.08e-05	6.98e-05	CbGpPWpGaD
Pentobarbital—CYP2C19—Metabolism of lipids and lipoproteins—EP300—attention deficit hyperactivity disorder	1.06e-05	6.88e-05	CbGpPWpGaD
Pentobarbital—CYP3A4—Metabolism—CACNA1C—attention deficit hyperactivity disorder	1e-05	6.48e-05	CbGpPWpGaD
Pentobarbital—CYP3A4—Metabolism—SNAP25—attention deficit hyperactivity disorder	8.76e-06	5.67e-05	CbGpPWpGaD
Pentobarbital—CYP3A4—Metabolism—ADRA2A—attention deficit hyperactivity disorder	8.34e-06	5.4e-05	CbGpPWpGaD
Pentobarbital—CYP2A6—Metabolism—EP300—attention deficit hyperactivity disorder	7.77e-06	5.02e-05	CbGpPWpGaD
Pentobarbital—CYP3A4—Metabolism—COMT—attention deficit hyperactivity disorder	6.64e-06	4.3e-05	CbGpPWpGaD
Pentobarbital—CYP3A4—Metabolism—MAOA—attention deficit hyperactivity disorder	6.59e-06	4.27e-05	CbGpPWpGaD
Pentobarbital—CYP2C19—Metabolism—EP300—attention deficit hyperactivity disorder	4.74e-06	3.06e-05	CbGpPWpGaD
Pentobarbital—CYP3A4—Metabolism—EP300—attention deficit hyperactivity disorder	2.85e-06	1.84e-05	CbGpPWpGaD
