nodes	percent_of_prediction	percent_of_DWPC	metapath
Norethindrone—CYP3A5—hypertension	0.13	0.726	CbGaD
Norethindrone—ALB—hypertension	0.0491	0.274	CbGaD
Norethindrone—Oxandrolone—Spironolactone—hypertension	0.0271	0.0985	CrCrCtD
Norethindrone—Drospirenone—Eplerenone—hypertension	0.0264	0.0959	CrCrCtD
Norethindrone—Drospirenone—Spironolactone—hypertension	0.0229	0.0834	CrCrCtD
Norethindrone—PGR—Spironolactone—hypertension	0.0217	0.0573	CbGbCtD
Norethindrone—SHBG—Spironolactone—hypertension	0.0208	0.055	CbGbCtD
Norethindrone—Cortisone acetate—Eplerenone—hypertension	0.0179	0.065	CrCrCtD
Norethindrone—Fluoxymesterone—Eplerenone—hypertension	0.016	0.058	CrCrCtD
Norethindrone—Cortisone acetate—Spironolactone—hypertension	0.0156	0.0566	CrCrCtD
Norethindrone—Testosterone Propionate—Eplerenone—hypertension	0.0155	0.0565	CrCrCtD
Norethindrone—Progesterone—Eplerenone—hypertension	0.0155	0.0565	CrCrCtD
Norethindrone—Methyltestosterone—Eplerenone—hypertension	0.0152	0.0551	CrCrCtD
Norethindrone—Fluoxymesterone—Spironolactone—hypertension	0.0139	0.0505	CrCrCtD
Norethindrone—Progesterone—Spironolactone—hypertension	0.0135	0.0492	CrCrCtD
Norethindrone—Testosterone Propionate—Spironolactone—hypertension	0.0135	0.0492	CrCrCtD
Norethindrone—Testosterone—Eplerenone—hypertension	0.0135	0.049	CrCrCtD
Norethindrone—Methyltestosterone—Spironolactone—hypertension	0.0132	0.0479	CrCrCtD
Norethindrone—Hydrocortisone—Eplerenone—hypertension	0.0127	0.0461	CrCrCtD
Norethindrone—Testosterone—Spironolactone—hypertension	0.0117	0.0427	CrCrCtD
Norethindrone—Hydrocortisone—Spironolactone—hypertension	0.011	0.0401	CrCrCtD
Norethindrone—ALB—Ethacrynic acid—hypertension	0.00891	0.0236	CbGbCtD
Norethindrone—CYP3A7-CYP3A51P—Nisoldipine—hypertension	0.00697	0.0184	CbGbCtD
Norethindrone—CYP3A7—Nisoldipine—hypertension	0.00697	0.0184	CbGbCtD
Norethindrone—CYP3A7-CYP3A51P—Eplerenone—hypertension	0.00673	0.0178	CbGbCtD
Norethindrone—CYP3A7—Eplerenone—hypertension	0.00673	0.0178	CbGbCtD
Norethindrone—CYP3A7-CYP3A51P—Diltiazem—hypertension	0.00673	0.0178	CbGbCtD
Norethindrone—CYP3A7—Diltiazem—hypertension	0.00673	0.0178	CbGbCtD
Norethindrone—CYP3A5—Reserpine—hypertension	0.00593	0.0157	CbGbCtD
Norethindrone—CYP2C19—Torasemide—hypertension	0.00578	0.0153	CbGbCtD
Norethindrone—ALB—Valsartan—hypertension	0.00574	0.0152	CbGbCtD
Norethindrone—CYP3A7-CYP3A51P—Amlodipine—hypertension	0.00538	0.0142	CbGbCtD
Norethindrone—CYP3A7—Amlodipine—hypertension	0.00538	0.0142	CbGbCtD
Norethindrone—CYP2C19—Guanfacine—hypertension	0.00537	0.0142	CbGbCtD
Norethindrone—CYP2C19—Metoprolol—hypertension	0.00537	0.0142	CbGbCtD
Norethindrone—CYP3A5—Nisoldipine—hypertension	0.00522	0.0138	CbGbCtD
Norethindrone—CYP3A7-CYP3A51P—Felodipine—hypertension	0.00519	0.0137	CbGbCtD
Norethindrone—CYP3A7—Felodipine—hypertension	0.00519	0.0137	CbGbCtD
Norethindrone—ABCB1—Nadolol—hypertension	0.0051	0.0135	CbGbCtD
Norethindrone—CYP3A5—Eplerenone—hypertension	0.00505	0.0133	CbGbCtD
Norethindrone—CYP3A5—Diltiazem—hypertension	0.00505	0.0133	CbGbCtD
Norethindrone—CYP3A7-CYP3A51P—Nifedipine—hypertension	0.00502	0.0133	CbGbCtD
Norethindrone—CYP3A7—Nifedipine—hypertension	0.00502	0.0133	CbGbCtD
Norethindrone—ABCB1—Acebutolol—hypertension	0.00466	0.0123	CbGbCtD
Norethindrone—CYP3A7—Propranolol—hypertension	0.00454	0.012	CbGbCtD
Norethindrone—CYP3A7-CYP3A51P—Propranolol—hypertension	0.00454	0.012	CbGbCtD
Norethindrone—ABCB1—Metoprolol—hypertension	0.00433	0.0115	CbGbCtD
Norethindrone—ABCB1—Candesartan—hypertension	0.00433	0.0115	CbGbCtD
Norethindrone—CYP2C19—Doxazosin—hypertension	0.00421	0.0111	CbGbCtD
Norethindrone—ALB—Captopril—hypertension	0.00419	0.0111	CbGbCtD
Norethindrone—ABCB1—Terazosin—hypertension	0.00407	0.0108	CbGbCtD
Norethindrone—CYP2C19—Diltiazem—hypertension	0.00407	0.0108	CbGbCtD
Norethindrone—CYP3A5—Amlodipine—hypertension	0.00403	0.0107	CbGbCtD
Norethindrone—CYP3A4—Guanethidine—hypertension	0.00403	0.0107	CbGbCtD
Norethindrone—CYP3A5—Felodipine—hypertension	0.00389	0.0103	CbGbCtD
Norethindrone—CYP3A7-CYP3A51P—Atorvastatin—hypertension	0.00386	0.0102	CbGbCtD
Norethindrone—CYP3A7—Atorvastatin—hypertension	0.00386	0.0102	CbGbCtD
Norethindrone—ABCB1—Reserpine—hypertension	0.00386	0.0102	CbGbCtD
Norethindrone—CYP2C19—Telmisartan—hypertension	0.00383	0.0101	CbGbCtD
Norethindrone—CYP3A5—Nifedipine—hypertension	0.00376	0.00995	CbGbCtD
Norethindrone—CYP3A5—Nicardipine—hypertension	0.0037	0.00979	CbGbCtD
Norethindrone—ABCB1—Perindopril—hypertension	0.00353	0.00934	CbGbCtD
Norethindrone—CYP3A5—Propranolol—hypertension	0.00341	0.00901	CbGbCtD
Norethindrone—ABCB1—Nisoldipine—hypertension	0.0034	0.00899	CbGbCtD
Norethindrone—ABCB1—Doxazosin—hypertension	0.0034	0.00899	CbGbCtD
Norethindrone—ALB—Furosemide—hypertension	0.00337	0.0089	CbGbCtD
Norethindrone—ALB—Losartan—hypertension	0.0033	0.00872	CbGbCtD
Norethindrone—ABCB1—Diltiazem—hypertension	0.00328	0.00868	CbGbCtD
Norethindrone—CYP3A5—Clonidine—hypertension	0.00325	0.0086	CbGbCtD
Norethindrone—CYP3A7-CYP3A51P—Verapamil—hypertension	0.00312	0.00824	CbGbCtD
Norethindrone—CYP3A7—Verapamil—hypertension	0.00312	0.00824	CbGbCtD
Norethindrone—ABCB1—Telmisartan—hypertension	0.00309	0.00816	CbGbCtD
Norethindrone—CYP2C19—Timolol—hypertension	0.00308	0.00815	CbGbCtD
Norethindrone—CYP3A4—Hydralazine—hypertension	0.00305	0.00807	CbGbCtD
Norethindrone—CYP2C19—Nicardipine—hypertension	0.00299	0.0079	CbGbCtD
Norethindrone—ABCB1—Lisinopril—hypertension	0.00293	0.00774	CbGbCtD
Norethindrone—ABCB1—Bepridil—hypertension	0.00293	0.00774	CbGbCtD
Norethindrone—ABCB1—Enalapril—hypertension	0.00293	0.00774	CbGbCtD
Norethindrone—CYP3A5—Atorvastatin—hypertension	0.0029	0.00766	CbGbCtD
Norethindrone—ABCB1—Prazosin—hypertension	0.00279	0.00738	CbGbCtD
Norethindrone—CYP2C19—Propranolol—hypertension	0.00275	0.00727	CbGbCtD
Norethindrone—CYP3A5—Losartan—hypertension	0.00265	0.00701	CbGbCtD
Norethindrone—ABCB1—Amlodipine—hypertension	0.00263	0.00694	CbGbCtD
Norethindrone—CYP3A4—Guanfacine—hypertension	0.0026	0.00686	CbGbCtD
Norethindrone—ABCB1—Spironolactone—hypertension	0.00258	0.00681	CbGbCtD
Norethindrone—ABCB1—Felodipine—hypertension	0.00253	0.00669	CbGbCtD
Norethindrone—ABCB1—Timolol—hypertension	0.00249	0.00658	CbGbCtD
Norethindrone—ABCB1—Nifedipine—hypertension	0.00245	0.00647	CbGbCtD
Norethindrone—ABCB1—Nicardipine—hypertension	0.00241	0.00637	CbGbCtD
Norethindrone—ABCB1—Carvedilol—hypertension	0.00241	0.00637	CbGbCtD
Norethindrone—CYP3A5—Verapamil—hypertension	0.00234	0.00618	CbGbCtD
Norethindrone—CYP2C19—Atorvastatin—hypertension	0.00234	0.00618	CbGbCtD
Norethindrone—CYP3A4—Isradipine—hypertension	0.00231	0.00612	CbGbCtD
Norethindrone—ABCB1—Propranolol—hypertension	0.00222	0.00586	CbGbCtD
Norethindrone—ABCB1—Captopril—hypertension	0.00219	0.00579	CbGbCtD
Norethindrone—CYP2C19—Losartan—hypertension	0.00214	0.00565	CbGbCtD
Norethindrone—ABCB1—Clonidine—hypertension	0.00212	0.00559	CbGbCtD
Norethindrone—CYP3A4—Indapamide—hypertension	0.00204	0.00539	CbGbCtD
Norethindrone—CYP3A4—Nisoldipine—hypertension	0.00204	0.00539	CbGbCtD
Norethindrone—CYP3A4—Eplerenone—hypertension	0.00197	0.0052	CbGbCtD
Norethindrone—CYP3A4—Diltiazem—hypertension	0.00197	0.0052	CbGbCtD
Norethindrone—CYP2C19—Verapamil—hypertension	0.00189	0.00499	CbGbCtD
Norethindrone—ABCB1—Atorvastatin—hypertension	0.00189	0.00499	CbGbCtD
Norethindrone—CYP3A4—Enalapril—hypertension	0.00175	0.00464	CbGbCtD
Norethindrone—ABCB1—Losartan—hypertension	0.00173	0.00456	CbGbCtD
Norethindrone—CYP3A4—Irbesartan—hypertension	0.0016	0.00424	CbGbCtD
Norethindrone—CYP3A4—Amlodipine—hypertension	0.00157	0.00416	CbGbCtD
Norethindrone—ABCB1—Verapamil—hypertension	0.00152	0.00402	CbGbCtD
Norethindrone—CYP3A4—Felodipine—hypertension	0.00152	0.00401	CbGbCtD
Norethindrone—CYP3A4—Nifedipine—hypertension	0.00147	0.00388	CbGbCtD
Norethindrone—CYP3A4—Nicardipine—hypertension	0.00144	0.00382	CbGbCtD
Norethindrone—CYP3A4—Carvedilol—hypertension	0.00144	0.00382	CbGbCtD
Norethindrone—CYP3A4—Propranolol—hypertension	0.00133	0.00351	CbGbCtD
Norethindrone—SHBG—hindlimb—hypertension	0.00129	0.127	CbGeAlD
Norethindrone—CYP3A4—Clonidine—hypertension	0.00127	0.00335	CbGbCtD
Norethindrone—CYP3A4—Atorvastatin—hypertension	0.00113	0.00299	CbGbCtD
Norethindrone—CYP3A4—Losartan—hypertension	0.00103	0.00273	CbGbCtD
Norethindrone—CYP3A4—Verapamil—hypertension	0.000912	0.00241	CbGbCtD
Norethindrone—CYP2C19—urine—hypertension	0.000757	0.0745	CbGeAlD
Norethindrone—PGR—artery—hypertension	0.000713	0.0702	CbGeAlD
Norethindrone—Norelgestromin—STS—hypertension	0.000686	0.216	CrCbGaD
Norethindrone—PGR—blood vessel—hypertension	0.000556	0.0547	CbGeAlD
Norethindrone—CYP3A4—urine—hypertension	0.000448	0.044	CbGeAlD
Norethindrone—CYP3A7-CYP3A51P—nephron tubule—hypertension	0.000388	0.0382	CbGeAlD
Norethindrone—PGR—myocardium—hypertension	0.000376	0.037	CbGeAlD
Norethindrone—SHBG—brainstem—hypertension	0.000337	0.0332	CbGeAlD
Norethindrone—CYP3A7-CYP3A51P—cortex of kidney—hypertension	0.000332	0.0327	CbGeAlD
Norethindrone—CYP3A7—endocrine gland—hypertension	0.000281	0.0277	CbGeAlD
Norethindrone—SHBG—cardiovascular system—hypertension	0.000275	0.0271	CbGeAlD
Norethindrone—PGR—heart—hypertension	0.000263	0.0259	CbGeAlD
Norethindrone—PGR—smooth muscle tissue—hypertension	0.000261	0.0257	CbGeAlD
Norethindrone—PGR—decidua—hypertension	0.000256	0.0252	CbGeAlD
Norethindrone—PGR—cardiovascular system—hypertension	0.000248	0.0244	CbGeAlD
Norethindrone—ALB—heart—hypertension	0.000241	0.0237	CbGeAlD
Norethindrone—SHBG—adrenal gland—hypertension	0.000218	0.0214	CbGeAlD
Norethindrone—PGR—adrenal gland—hypertension	0.000196	0.0193	CbGeAlD
Norethindrone—SHBG—endocrine gland—hypertension	0.000189	0.0186	CbGeAlD
Norethindrone—ALB—adrenal gland—hypertension	0.00018	0.0177	CbGeAlD
Norethindrone—ABCB1—blood vessel—hypertension	0.000172	0.0169	CbGeAlD
Norethindrone—SHBG—central nervous system—hypertension	0.00017	0.0167	CbGeAlD
Norethindrone—PGR—endocrine gland—hypertension	0.00017	0.0167	CbGeAlD
Norethindrone—CYP3A5—nephron tubule—hypertension	0.000161	0.0158	CbGeAlD
Norethindrone—Stanozolol—AR—hypertension	0.000154	0.0486	CrCbGaD
Norethindrone—PGR—central nervous system—hypertension	0.000153	0.0151	CbGeAlD
Norethindrone—Drospirenone—NR3C2—hypertension	0.000151	0.0475	CrCbGaD
Norethindrone—CYP3A5—kidney—hypertension	0.000141	0.0139	CbGeAlD
Norethindrone—Oxandrolone—AR—hypertension	0.000139	0.0437	CrCbGaD
Norethindrone—CYP3A5—cortex of kidney—hypertension	0.000137	0.0135	CbGeAlD
Norethindrone—CYP2C19—endocrine gland—hypertension	0.000126	0.0124	CbGeAlD
Norethindrone—Nandrolone phenpropionate—AR—hypertension	0.000109	0.0342	CrCbGaD
Norethindrone—Hydrocortisone—CYP11B1—hypertension	0.000107	0.0337	CrCbGaD
Norethindrone—CYP3A4—kidney—hypertension	0.000106	0.0104	CbGeAlD
Norethindrone—Hydrocortisone—CYP11B2—hypertension	0.000101	0.0317	CrCbGaD
Norethindrone—Danazol—CCL2—hypertension	0.0001	0.0315	CrCbGaD
Norethindrone—CYP3A5—endocrine gland—hypertension	9.89e-05	0.00973	CbGeAlD
Norethindrone—Gestodene—CYP3A5—hypertension	9.42e-05	0.0296	CrCbGaD
Norethindrone—Testosterone Propionate—CYP17A1—hypertension	9.28e-05	0.0292	CrCbGaD
Norethindrone—Nandrolone phenpropionate—CYP19A1—hypertension	9.11e-05	0.0286	CrCbGaD
Norethindrone—Hydrocortisone—ANXA1—hypertension	9.11e-05	0.0286	CrCbGaD
Norethindrone—ABCB1—nephron tubule—hypertension	8.53e-05	0.00839	CbGeAlD
Norethindrone—ABCB1—adrenal cortex—hypertension	8.39e-05	0.00826	CbGeAlD
Norethindrone—Nandrolone decanoate—AR—hypertension	8.24e-05	0.0259	CrCbGaD
Norethindrone—ABCB1—heart—hypertension	8.12e-05	0.00799	CbGeAlD
Norethindrone—ABCB1—decidua—hypertension	7.89e-05	0.00777	CbGeAlD
Norethindrone—ABCB1—cardiovascular system—hypertension	7.66e-05	0.00754	CbGeAlD
Norethindrone—Testosterone Propionate—COMT—hypertension	7.56e-05	0.0238	CrCbGaD
Norethindrone—ABCB1—kidney—hypertension	7.49e-05	0.00738	CbGeAlD
Norethindrone—CYP3A4—endocrine gland—hypertension	7.42e-05	0.0073	CbGeAlD
Norethindrone—ABCB1—cortex of kidney—hypertension	7.3e-05	0.00718	CbGeAlD
Norethindrone—Nandrolone decanoate—CYP19A1—hypertension	6.9e-05	0.0217	CrCbGaD
Norethindrone—Drospirenone—AR—hypertension	6.72e-05	0.0211	CrCbGaD
Norethindrone—CYP3A4—central nervous system—hypertension	6.69e-05	0.00658	CbGeAlD
Norethindrone—ABCB1—medulla oblongata—hypertension	6.54e-05	0.00644	CbGeAlD
Norethindrone—ABCB1—adrenal gland—hypertension	6.06e-05	0.00596	CbGeAlD
Norethindrone—Progesterone—NR3C2—hypertension	5.82e-05	0.0183	CrCbGaD
Norethindrone—Ethinyl Estradiol—ESR2—hypertension	5.78e-05	0.0182	CrCbGaD
Norethindrone—Testosterone Propionate—AR—hypertension	5.64e-05	0.0177	CrCbGaD
Norethindrone—Levonorgestrel—AR—hypertension	5.48e-05	0.0172	CrCbGaD
Norethindrone—Cortisone acetate—NR3C1—hypertension	5.41e-05	0.017	CrCbGaD
Norethindrone—ABCB1—endocrine gland—hypertension	5.25e-05	0.00517	CbGeAlD
Norethindrone—Fluoxymesterone—AR—hypertension	5.23e-05	0.0164	CrCbGaD
Norethindrone—Danazol—AR—hypertension	4.99e-05	0.0157	CrCbGaD
Norethindrone—ABCB1—central nervous system—hypertension	4.73e-05	0.00466	CbGeAlD
Norethindrone—Levonorgestrel—CYP19A1—hypertension	4.59e-05	0.0144	CrCbGaD
Norethindrone—Progesterone—CYP17A1—hypertension	4.26e-05	0.0134	CrCbGaD
Norethindrone—Methyltestosterone—AR—hypertension	4.22e-05	0.0133	CrCbGaD
Norethindrone—Danazol—CYP19A1—hypertension	4.18e-05	0.0131	CrCbGaD
Norethindrone—Testosterone—CYP11A1—hypertension	3.96e-05	0.0125	CrCbGaD
Norethindrone—Progesterone—ABCC1—hypertension	3.86e-05	0.0121	CrCbGaD
Norethindrone—Fluoxymesterone—NR3C1—hypertension	3.54e-05	0.0111	CrCbGaD
Norethindrone—Methyltestosterone—CYP19A1—hypertension	3.53e-05	0.0111	CrCbGaD
Norethindrone—Insomnia—Losartan—hypertension	3.04e-05	0.00028	CcSEcCtD
Norethindrone—Dyspepsia—Betaxolol—hypertension	3.03e-05	0.000279	CcSEcCtD
Norethindrone—Gastrointestinal pain—Captopril—hypertension	3.01e-05	0.000278	CcSEcCtD
Norethindrone—Urticaria—Telmisartan—hypertension	3.01e-05	0.000277	CcSEcCtD
Norethindrone—Gastrointestinal disorder—Furosemide—hypertension	3e-05	0.000277	CcSEcCtD
Norethindrone—Dizziness—Fosinopril—hypertension	3e-05	0.000277	CcSEcCtD
Norethindrone—Fatigue—Furosemide—hypertension	3e-05	0.000276	CcSEcCtD
Norethindrone—Abdominal pain—Telmisartan—hypertension	3e-05	0.000276	CcSEcCtD
Norethindrone—Somnolence—Losartan—hypertension	2.98e-05	0.000275	CcSEcCtD
Norethindrone—Dizziness—Eplerenone—hypertension	2.98e-05	0.000275	CcSEcCtD
Norethindrone—Vomiting—Indapamide—hypertension	2.98e-05	0.000275	CcSEcCtD
Norethindrone—Vomiting—Diltiazem—hypertension	2.98e-05	0.000275	CcSEcCtD
Norethindrone—Unspecified disorder of skin and subcutaneous tissue—Ramipril—hypertension	2.98e-05	0.000275	CcSEcCtD
Norethindrone—Asthenia—Valsartan—hypertension	2.98e-05	0.000274	CcSEcCtD
Norethindrone—Gastrointestinal disorder—Betaxolol—hypertension	2.97e-05	0.000274	CcSEcCtD
Norethindrone—Fatigue—Betaxolol—hypertension	2.97e-05	0.000274	CcSEcCtD
Norethindrone—Asthenia—Olmesartan—hypertension	2.96e-05	0.000273	CcSEcCtD
Norethindrone—Dizziness—Nifedipine—hypertension	2.96e-05	0.000273	CcSEcCtD
Norethindrone—Rash—Diltiazem—hypertension	2.96e-05	0.000273	CcSEcCtD
Norethindrone—Rash—Indapamide—hypertension	2.96e-05	0.000273	CcSEcCtD
Norethindrone—Dermatitis—Indapamide—hypertension	2.96e-05	0.000272	CcSEcCtD
Norethindrone—Dermatitis—Diltiazem—hypertension	2.96e-05	0.000272	CcSEcCtD
Norethindrone—Dyspepsia—Losartan—hypertension	2.96e-05	0.000272	CcSEcCtD
Norethindrone—Vomiting—Carvedilol—hypertension	2.95e-05	0.000272	CcSEcCtD
Norethindrone—Dizziness—Verapamil—hypertension	2.95e-05	0.000272	CcSEcCtD
Norethindrone—Headache—Diltiazem—hypertension	2.94e-05	0.000271	CcSEcCtD
Norethindrone—Headache—Indapamide—hypertension	2.94e-05	0.000271	CcSEcCtD
Norethindrone—Pruritus—Valsartan—hypertension	2.94e-05	0.000271	CcSEcCtD
Norethindrone—Rash—Carvedilol—hypertension	2.93e-05	0.00027	CcSEcCtD
Norethindrone—Gastrointestinal pain—Perindopril—hypertension	2.93e-05	0.00027	CcSEcCtD
Norethindrone—Dermatitis—Carvedilol—hypertension	2.93e-05	0.00027	CcSEcCtD
Norethindrone—Pruritus—Olmesartan—hypertension	2.92e-05	0.000269	CcSEcCtD
Norethindrone—Vomiting—Doxazosin—hypertension	2.92e-05	0.000269	CcSEcCtD
Norethindrone—Gastrointestinal pain—Irbesartan—hypertension	2.92e-05	0.000269	CcSEcCtD
Norethindrone—Unspecified disorder of skin and subcutaneous tissue—Timolol—hypertension	2.92e-05	0.000269	CcSEcCtD
Norethindrone—Hypersensitivity—Clonidine—hypertension	2.92e-05	0.000269	CcSEcCtD
Norethindrone—Abdominal pain—Captopril—hypertension	2.91e-05	0.000269	CcSEcCtD
Norethindrone—Headache—Carvedilol—hypertension	2.91e-05	0.000268	CcSEcCtD
Norethindrone—Rash—Doxazosin—hypertension	2.9e-05	0.000267	CcSEcCtD
Norethindrone—Fatigue—Losartan—hypertension	2.89e-05	0.000267	CcSEcCtD
Norethindrone—Dermatitis—Doxazosin—hypertension	2.89e-05	0.000267	CcSEcCtD
Norethindrone—Gastrointestinal pain—Hydrochlorothiazide—hypertension	2.89e-05	0.000267	CcSEcCtD
Norethindrone—Hydrocortisone—CYP3A5—hypertension	2.89e-05	0.00908	CrCbGaD
Norethindrone—Vomiting—Fosinopril—hypertension	2.89e-05	0.000266	CcSEcCtD
Norethindrone—Nausea—Propranolol—hypertension	2.88e-05	0.000265	CcSEcCtD
Norethindrone—Anaphylactic shock—Ramipril—hypertension	2.88e-05	0.000265	CcSEcCtD
Norethindrone—Oedema—Ramipril—hypertension	2.88e-05	0.000265	CcSEcCtD
Norethindrone—Headache—Doxazosin—hypertension	2.88e-05	0.000265	CcSEcCtD
Norethindrone—Vomiting—Eplerenone—hypertension	2.87e-05	0.000264	CcSEcCtD
Norethindrone—Rash—Fosinopril—hypertension	2.86e-05	0.000264	CcSEcCtD
Norethindrone—Dermatitis—Fosinopril—hypertension	2.86e-05	0.000263	CcSEcCtD
Norethindrone—Vomiting—Nifedipine—hypertension	2.85e-05	0.000262	CcSEcCtD
Norethindrone—Gastrointestinal pain—Furosemide—hypertension	2.85e-05	0.000262	CcSEcCtD
Norethindrone—Rash—Eplerenone—hypertension	2.84e-05	0.000262	CcSEcCtD
Norethindrone—Urticaria—Perindopril—hypertension	2.84e-05	0.000262	CcSEcCtD
Norethindrone—Headache—Fosinopril—hypertension	2.84e-05	0.000262	CcSEcCtD
Norethindrone—Hypersensitivity—Trandolapril—hypertension	2.84e-05	0.000262	CcSEcCtD
Norethindrone—Dermatitis—Eplerenone—hypertension	2.84e-05	0.000262	CcSEcCtD
Norethindrone—Asthenia—Clonidine—hypertension	2.84e-05	0.000262	CcSEcCtD
Norethindrone—Vomiting—Verapamil—hypertension	2.83e-05	0.000261	CcSEcCtD
Norethindrone—Urticaria—Irbesartan—hypertension	2.83e-05	0.000261	CcSEcCtD
Norethindrone—Hypersensitivity—Enalapril—hypertension	2.83e-05	0.000261	CcSEcCtD
Norethindrone—Abdominal pain—Perindopril—hypertension	2.83e-05	0.000261	CcSEcCtD
Norethindrone—Headache—Eplerenone—hypertension	2.83e-05	0.00026	CcSEcCtD
Norethindrone—Rash—Nifedipine—hypertension	2.82e-05	0.00026	CcSEcCtD
Norethindrone—Dermatitis—Nifedipine—hypertension	2.82e-05	0.00026	CcSEcCtD
Norethindrone—Abdominal pain—Irbesartan—hypertension	2.82e-05	0.00026	CcSEcCtD
Norethindrone—Anaphylactic shock—Timolol—hypertension	2.81e-05	0.000259	CcSEcCtD
Norethindrone—Oedema—Timolol—hypertension	2.81e-05	0.000259	CcSEcCtD
Norethindrone—Rash—Verapamil—hypertension	2.81e-05	0.000259	CcSEcCtD
Norethindrone—Urticaria—Hydrochlorothiazide—hypertension	2.81e-05	0.000259	CcSEcCtD
Norethindrone—Dermatitis—Verapamil—hypertension	2.81e-05	0.000259	CcSEcCtD
Norethindrone—Headache—Nifedipine—hypertension	2.81e-05	0.000258	CcSEcCtD
Norethindrone—Pruritus—Clonidine—hypertension	2.8e-05	0.000258	CcSEcCtD
Norethindrone—Abdominal pain—Hydrochlorothiazide—hypertension	2.8e-05	0.000258	CcSEcCtD
Norethindrone—Skin disorder—Ramipril—hypertension	2.8e-05	0.000258	CcSEcCtD
Norethindrone—Headache—Verapamil—hypertension	2.79e-05	0.000257	CcSEcCtD
Norethindrone—Hypersensitivity—Telmisartan—hypertension	2.79e-05	0.000257	CcSEcCtD
Norethindrone—Nausea—Indapamide—hypertension	2.79e-05	0.000257	CcSEcCtD
Norethindrone—Nausea—Diltiazem—hypertension	2.79e-05	0.000257	CcSEcCtD
Norethindrone—Asthenia—Trandolapril—hypertension	2.77e-05	0.000255	CcSEcCtD
Norethindrone—Urticaria—Furosemide—hypertension	2.76e-05	0.000255	CcSEcCtD
Norethindrone—Nausea—Carvedilol—hypertension	2.76e-05	0.000254	CcSEcCtD
Norethindrone—Asthenia—Enalapril—hypertension	2.76e-05	0.000254	CcSEcCtD
Norethindrone—Abdominal pain—Furosemide—hypertension	2.75e-05	0.000253	CcSEcCtD
Norethindrone—Gastrointestinal pain—Losartan—hypertension	2.75e-05	0.000253	CcSEcCtD
Norethindrone—Dizziness—Valsartan—hypertension	2.74e-05	0.000253	CcSEcCtD
Norethindrone—Urticaria—Betaxolol—hypertension	2.74e-05	0.000252	CcSEcCtD
Norethindrone—Skin disorder—Timolol—hypertension	2.73e-05	0.000252	CcSEcCtD
Norethindrone—Dizziness—Olmesartan—hypertension	2.73e-05	0.000252	CcSEcCtD
Norethindrone—Pruritus—Trandolapril—hypertension	2.73e-05	0.000252	CcSEcCtD
Norethindrone—Nausea—Doxazosin—hypertension	2.73e-05	0.000251	CcSEcCtD
Norethindrone—Asthenia—Telmisartan—hypertension	2.72e-05	0.000251	CcSEcCtD
Norethindrone—Pruritus—Enalapril—hypertension	2.72e-05	0.000251	CcSEcCtD
Norethindrone—Unspecified disorder of skin and subcutaneous tissue—Lisinopril—hypertension	2.7e-05	0.000249	CcSEcCtD
Norethindrone—Nausea—Fosinopril—hypertension	2.7e-05	0.000248	CcSEcCtD
Norethindrone—Pruritus—Telmisartan—hypertension	2.68e-05	0.000247	CcSEcCtD
Norethindrone—Nausea—Eplerenone—hypertension	2.68e-05	0.000247	CcSEcCtD
Norethindrone—Urticaria—Losartan—hypertension	2.67e-05	0.000246	CcSEcCtD
Norethindrone—Nausea—Nifedipine—hypertension	2.66e-05	0.000245	CcSEcCtD
Norethindrone—Abdominal pain—Losartan—hypertension	2.65e-05	0.000245	CcSEcCtD
Norethindrone—Nausea—Verapamil—hypertension	2.65e-05	0.000244	CcSEcCtD
Norethindrone—Asthenia—Captopril—hypertension	2.64e-05	0.000244	CcSEcCtD
Norethindrone—Vomiting—Valsartan—hypertension	2.64e-05	0.000243	CcSEcCtD
Norethindrone—Hypersensitivity—Irbesartan—hypertension	2.63e-05	0.000242	CcSEcCtD
Norethindrone—Vomiting—Olmesartan—hypertension	2.63e-05	0.000242	CcSEcCtD
Norethindrone—Rash—Valsartan—hypertension	2.62e-05	0.000241	CcSEcCtD
Norethindrone—Dizziness—Clonidine—hypertension	2.62e-05	0.000241	CcSEcCtD
Norethindrone—Dermatitis—Valsartan—hypertension	2.61e-05	0.000241	CcSEcCtD
Norethindrone—Oedema—Lisinopril—hypertension	2.61e-05	0.000241	CcSEcCtD
Norethindrone—Anaphylactic shock—Lisinopril—hypertension	2.61e-05	0.000241	CcSEcCtD
Norethindrone—Pruritus—Captopril—hypertension	2.61e-05	0.00024	CcSEcCtD
Norethindrone—Hypersensitivity—Hydrochlorothiazide—hypertension	2.61e-05	0.00024	CcSEcCtD
Norethindrone—Rash—Olmesartan—hypertension	2.6e-05	0.00024	CcSEcCtD
Norethindrone—Insomnia—Ramipril—hypertension	2.6e-05	0.00024	CcSEcCtD
Norethindrone—Dermatitis—Olmesartan—hypertension	2.6e-05	0.00024	CcSEcCtD
Norethindrone—Headache—Valsartan—hypertension	2.6e-05	0.00024	CcSEcCtD
Norethindrone—Progesterone—AR—hypertension	2.59e-05	0.00814	CrCbGaD
Norethindrone—Headache—Olmesartan—hypertension	2.59e-05	0.000238	CcSEcCtD
Norethindrone—Drospirenone—PTGS2—hypertension	2.59e-05	0.00813	CrCbGaD
Norethindrone—Asthenia—Perindopril—hypertension	2.57e-05	0.000237	CcSEcCtD
Norethindrone—Hypersensitivity—Furosemide—hypertension	2.56e-05	0.000236	CcSEcCtD
Norethindrone—Asthenia—Irbesartan—hypertension	2.56e-05	0.000236	CcSEcCtD
Norethindrone—Somnolence—Ramipril—hypertension	2.56e-05	0.000236	CcSEcCtD
Norethindrone—Dizziness—Trandolapril—hypertension	2.55e-05	0.000235	CcSEcCtD
Norethindrone—Insomnia—Timolol—hypertension	2.55e-05	0.000235	CcSEcCtD
Norethindrone—Dizziness—Enalapril—hypertension	2.54e-05	0.000234	CcSEcCtD
Norethindrone—Asthenia—Hydrochlorothiazide—hypertension	2.54e-05	0.000234	CcSEcCtD
Norethindrone—Hypersensitivity—Betaxolol—hypertension	2.54e-05	0.000234	CcSEcCtD
Norethindrone—Skin disorder—Lisinopril—hypertension	2.54e-05	0.000234	CcSEcCtD
Norethindrone—Dyspepsia—Ramipril—hypertension	2.53e-05	0.000233	CcSEcCtD
Norethindrone—Pruritus—Perindopril—hypertension	2.53e-05	0.000233	CcSEcCtD
Norethindrone—Pruritus—Irbesartan—hypertension	2.52e-05	0.000233	CcSEcCtD
Norethindrone—Vomiting—Clonidine—hypertension	2.52e-05	0.000232	CcSEcCtD
Norethindrone—Dizziness—Telmisartan—hypertension	2.51e-05	0.000231	CcSEcCtD
Norethindrone—Pruritus—Hydrochlorothiazide—hypertension	2.5e-05	0.000231	CcSEcCtD
Norethindrone—Somnolence—Timolol—hypertension	2.5e-05	0.000231	CcSEcCtD
Norethindrone—Asthenia—Furosemide—hypertension	2.5e-05	0.00023	CcSEcCtD
Norethindrone—Rash—Clonidine—hypertension	2.49e-05	0.00023	CcSEcCtD
Norethindrone—Dermatitis—Clonidine—hypertension	2.49e-05	0.00023	CcSEcCtD
Norethindrone—Gastrointestinal disorder—Ramipril—hypertension	2.49e-05	0.000229	CcSEcCtD
Norethindrone—Fatigue—Ramipril—hypertension	2.48e-05	0.000229	CcSEcCtD
Norethindrone—Headache—Clonidine—hypertension	2.48e-05	0.000228	CcSEcCtD
Norethindrone—Dyspepsia—Timolol—hypertension	2.48e-05	0.000228	CcSEcCtD
Norethindrone—Hypersensitivity—Losartan—hypertension	2.47e-05	0.000228	CcSEcCtD
Norethindrone—Asthenia—Betaxolol—hypertension	2.47e-05	0.000228	CcSEcCtD
Norethindrone—Nausea—Valsartan—hypertension	2.47e-05	0.000227	CcSEcCtD
Norethindrone—Pruritus—Furosemide—hypertension	2.46e-05	0.000227	CcSEcCtD
Norethindrone—Nausea—Olmesartan—hypertension	2.45e-05	0.000226	CcSEcCtD
Norethindrone—Vomiting—Trandolapril—hypertension	2.45e-05	0.000226	CcSEcCtD
Norethindrone—Testosterone—AR—hypertension	2.45e-05	0.0077	CrCbGaD
Norethindrone—Vomiting—Enalapril—hypertension	2.44e-05	0.000225	CcSEcCtD
Norethindrone—Dizziness—Captopril—hypertension	2.44e-05	0.000225	CcSEcCtD
Norethindrone—Pruritus—Betaxolol—hypertension	2.44e-05	0.000225	CcSEcCtD
Norethindrone—Rash—Trandolapril—hypertension	2.43e-05	0.000224	CcSEcCtD
Norethindrone—Dermatitis—Trandolapril—hypertension	2.43e-05	0.000224	CcSEcCtD
Norethindrone—Gastrointestinal disorder—Timolol—hypertension	2.43e-05	0.000224	CcSEcCtD
Norethindrone—Fatigue—Timolol—hypertension	2.43e-05	0.000224	CcSEcCtD
Norethindrone—Rash—Enalapril—hypertension	2.42e-05	0.000223	CcSEcCtD
Norethindrone—Dermatitis—Enalapril—hypertension	2.42e-05	0.000223	CcSEcCtD
Norethindrone—Headache—Trandolapril—hypertension	2.42e-05	0.000223	CcSEcCtD
Norethindrone—Vomiting—Telmisartan—hypertension	2.41e-05	0.000222	CcSEcCtD
Norethindrone—Asthenia—Losartan—hypertension	2.41e-05	0.000222	CcSEcCtD
Norethindrone—Headache—Enalapril—hypertension	2.41e-05	0.000222	CcSEcCtD
Norethindrone—Rash—Telmisartan—hypertension	2.39e-05	0.00022	CcSEcCtD
Norethindrone—Dermatitis—Telmisartan—hypertension	2.39e-05	0.00022	CcSEcCtD
Norethindrone—Pruritus—Losartan—hypertension	2.38e-05	0.000219	CcSEcCtD
Norethindrone—Headache—Telmisartan—hypertension	2.37e-05	0.000219	CcSEcCtD
Norethindrone—Dizziness—Perindopril—hypertension	2.37e-05	0.000218	CcSEcCtD
Norethindrone—Insomnia—Lisinopril—hypertension	2.36e-05	0.000218	CcSEcCtD
Norethindrone—Dizziness—Irbesartan—hypertension	2.36e-05	0.000217	CcSEcCtD
Norethindrone—Gastrointestinal pain—Ramipril—hypertension	2.35e-05	0.000217	CcSEcCtD
Norethindrone—Progesterone—CYP3A5—hypertension	2.35e-05	0.0074	CrCbGaD
Norethindrone—Nausea—Clonidine—hypertension	2.35e-05	0.000217	CcSEcCtD
Norethindrone—Vomiting—Captopril—hypertension	2.34e-05	0.000216	CcSEcCtD
Norethindrone—Dizziness—Hydrochlorothiazide—hypertension	2.34e-05	0.000216	CcSEcCtD
Norethindrone—Rash—Captopril—hypertension	2.32e-05	0.000214	CcSEcCtD
Norethindrone—Dermatitis—Captopril—hypertension	2.32e-05	0.000214	CcSEcCtD
Norethindrone—Somnolence—Lisinopril—hypertension	2.32e-05	0.000214	CcSEcCtD
Norethindrone—Headache—Captopril—hypertension	2.31e-05	0.000213	CcSEcCtD
Norethindrone—Gastrointestinal pain—Timolol—hypertension	2.3e-05	0.000212	CcSEcCtD
Norethindrone—Dizziness—Furosemide—hypertension	2.3e-05	0.000212	CcSEcCtD
Norethindrone—Dyspepsia—Lisinopril—hypertension	2.3e-05	0.000212	CcSEcCtD
Norethindrone—Nausea—Trandolapril—hypertension	2.29e-05	0.000211	CcSEcCtD
Norethindrone—Urticaria—Ramipril—hypertension	2.29e-05	0.000211	CcSEcCtD
Norethindrone—Nausea—Enalapril—hypertension	2.28e-05	0.00021	CcSEcCtD
Norethindrone—Dizziness—Betaxolol—hypertension	2.28e-05	0.00021	CcSEcCtD
Norethindrone—Vomiting—Perindopril—hypertension	2.28e-05	0.00021	CcSEcCtD
Norethindrone—Abdominal pain—Ramipril—hypertension	2.28e-05	0.00021	CcSEcCtD
Norethindrone—Vomiting—Irbesartan—hypertension	2.27e-05	0.000209	CcSEcCtD
Norethindrone—Rash—Perindopril—hypertension	2.26e-05	0.000208	CcSEcCtD
Norethindrone—Dermatitis—Perindopril—hypertension	2.25e-05	0.000208	CcSEcCtD
Norethindrone—Gastrointestinal disorder—Lisinopril—hypertension	2.25e-05	0.000208	CcSEcCtD
Norethindrone—Nausea—Telmisartan—hypertension	2.25e-05	0.000207	CcSEcCtD
Norethindrone—Fatigue—Lisinopril—hypertension	2.25e-05	0.000207	CcSEcCtD
Norethindrone—Vomiting—Hydrochlorothiazide—hypertension	2.25e-05	0.000207	CcSEcCtD
Norethindrone—Rash—Irbesartan—hypertension	2.25e-05	0.000207	CcSEcCtD
Norethindrone—Dermatitis—Irbesartan—hypertension	2.25e-05	0.000207	CcSEcCtD
Norethindrone—Headache—Perindopril—hypertension	2.24e-05	0.000207	CcSEcCtD
Norethindrone—Urticaria—Timolol—hypertension	2.24e-05	0.000206	CcSEcCtD
Norethindrone—Headache—Irbesartan—hypertension	2.23e-05	0.000206	CcSEcCtD
Norethindrone—Rash—Hydrochlorothiazide—hypertension	2.23e-05	0.000206	CcSEcCtD
Norethindrone—Dermatitis—Hydrochlorothiazide—hypertension	2.23e-05	0.000205	CcSEcCtD
Norethindrone—Abdominal pain—Timolol—hypertension	2.22e-05	0.000205	CcSEcCtD
Norethindrone—Testosterone—CYP3A5—hypertension	2.22e-05	0.00699	CrCbGaD
Norethindrone—Dizziness—Losartan—hypertension	2.22e-05	0.000205	CcSEcCtD
Norethindrone—Headache—Hydrochlorothiazide—hypertension	2.22e-05	0.000204	CcSEcCtD
Norethindrone—Vomiting—Furosemide—hypertension	2.21e-05	0.000204	CcSEcCtD
Norethindrone—Rash—Furosemide—hypertension	2.19e-05	0.000202	CcSEcCtD
Norethindrone—Dermatitis—Furosemide—hypertension	2.19e-05	0.000202	CcSEcCtD
Norethindrone—Vomiting—Betaxolol—hypertension	2.19e-05	0.000202	CcSEcCtD
Norethindrone—Nausea—Captopril—hypertension	2.19e-05	0.000202	CcSEcCtD
Norethindrone—Headache—Furosemide—hypertension	2.18e-05	0.000201	CcSEcCtD
Norethindrone—Rash—Betaxolol—hypertension	2.17e-05	0.0002	CcSEcCtD
Norethindrone—Dermatitis—Betaxolol—hypertension	2.17e-05	0.0002	CcSEcCtD
Norethindrone—Headache—Betaxolol—hypertension	2.16e-05	0.000199	CcSEcCtD
Norethindrone—Hydrocortisone—NR3C1—hypertension	2.16e-05	0.00678	CrCbGaD
Norethindrone—Gastrointestinal pain—Lisinopril—hypertension	2.13e-05	0.000197	CcSEcCtD
Norethindrone—Vomiting—Losartan—hypertension	2.13e-05	0.000197	CcSEcCtD
Norethindrone—Nausea—Perindopril—hypertension	2.13e-05	0.000196	CcSEcCtD
Norethindrone—Hypersensitivity—Ramipril—hypertension	2.12e-05	0.000195	CcSEcCtD
Norethindrone—Nausea—Irbesartan—hypertension	2.12e-05	0.000195	CcSEcCtD
Norethindrone—Rash—Losartan—hypertension	2.12e-05	0.000195	CcSEcCtD
Norethindrone—Dermatitis—Losartan—hypertension	2.11e-05	0.000195	CcSEcCtD
Norethindrone—Headache—Losartan—hypertension	2.1e-05	0.000194	CcSEcCtD
Norethindrone—Nausea—Hydrochlorothiazide—hypertension	2.1e-05	0.000194	CcSEcCtD
Norethindrone—Urticaria—Lisinopril—hypertension	2.07e-05	0.000191	CcSEcCtD
Norethindrone—Hypersensitivity—Timolol—hypertension	2.07e-05	0.000191	CcSEcCtD
Norethindrone—Nausea—Furosemide—hypertension	2.07e-05	0.00019	CcSEcCtD
Norethindrone—Asthenia—Ramipril—hypertension	2.07e-05	0.00019	CcSEcCtD
Norethindrone—Abdominal pain—Lisinopril—hypertension	2.06e-05	0.00019	CcSEcCtD
Norethindrone—Testosterone—CYP19A1—hypertension	2.05e-05	0.00644	CrCbGaD
Norethindrone—Nausea—Betaxolol—hypertension	2.05e-05	0.000189	CcSEcCtD
Norethindrone—Pruritus—Ramipril—hypertension	2.04e-05	0.000188	CcSEcCtD
Norethindrone—Asthenia—Timolol—hypertension	2.02e-05	0.000186	CcSEcCtD
Norethindrone—Nausea—Losartan—hypertension	1.99e-05	0.000184	CcSEcCtD
Norethindrone—Pruritus—Timolol—hypertension	1.99e-05	0.000183	CcSEcCtD
Norethindrone—Hypersensitivity—Lisinopril—hypertension	1.92e-05	0.000177	CcSEcCtD
Norethindrone—Dizziness—Ramipril—hypertension	1.9e-05	0.000175	CcSEcCtD
Norethindrone—Asthenia—Lisinopril—hypertension	1.87e-05	0.000173	CcSEcCtD
Norethindrone—Dizziness—Timolol—hypertension	1.86e-05	0.000171	CcSEcCtD
Norethindrone—Pruritus—Lisinopril—hypertension	1.85e-05	0.00017	CcSEcCtD
Norethindrone—Vomiting—Ramipril—hypertension	1.83e-05	0.000169	CcSEcCtD
Norethindrone—Rash—Ramipril—hypertension	1.81e-05	0.000167	CcSEcCtD
Norethindrone—Dermatitis—Ramipril—hypertension	1.81e-05	0.000167	CcSEcCtD
Norethindrone—Headache—Ramipril—hypertension	1.8e-05	0.000166	CcSEcCtD
Norethindrone—Vomiting—Timolol—hypertension	1.79e-05	0.000165	CcSEcCtD
Norethindrone—Rash—Timolol—hypertension	1.77e-05	0.000163	CcSEcCtD
Norethindrone—Dermatitis—Timolol—hypertension	1.77e-05	0.000163	CcSEcCtD
Norethindrone—Headache—Timolol—hypertension	1.76e-05	0.000162	CcSEcCtD
Norethindrone—Progesterone—NR3C1—hypertension	1.76e-05	0.00552	CrCbGaD
Norethindrone—Dizziness—Lisinopril—hypertension	1.73e-05	0.000159	CcSEcCtD
Norethindrone—Nausea—Ramipril—hypertension	1.71e-05	0.000158	CcSEcCtD
Norethindrone—Nausea—Timolol—hypertension	1.67e-05	0.000154	CcSEcCtD
Norethindrone—Vomiting—Lisinopril—hypertension	1.66e-05	0.000153	CcSEcCtD
Norethindrone—Rash—Lisinopril—hypertension	1.65e-05	0.000152	CcSEcCtD
Norethindrone—Dermatitis—Lisinopril—hypertension	1.64e-05	0.000152	CcSEcCtD
Norethindrone—Headache—Lisinopril—hypertension	1.64e-05	0.000151	CcSEcCtD
Norethindrone—Progesterone—CYP1A1—hypertension	1.59e-05	0.00502	CrCbGaD
Norethindrone—Nausea—Lisinopril—hypertension	1.55e-05	0.000143	CcSEcCtD
Norethindrone—Testosterone—CYP1A1—hypertension	1.51e-05	0.00474	CrCbGaD
Norethindrone—Methyltestosterone—ALB—hypertension	1.45e-05	0.00455	CrCbGaD
Norethindrone—Testosterone—ALB—hypertension	8.39e-06	0.00264	CrCbGaD
Norethindrone—CYP3A4—Metabolism—CYP11B2—hypertension	2.55e-06	5.57e-05	CbGpPWpGaD
Norethindrone—CYP3A4—Metabolism—SLC2A3—hypertension	2.55e-06	5.57e-05	CbGpPWpGaD
Norethindrone—CYP2C19—Metabolism of lipids and lipoproteins—PIK3R1—hypertension	2.54e-06	5.56e-05	CbGpPWpGaD
Norethindrone—ABCB1—Metabolism—CTGF—hypertension	2.54e-06	5.55e-05	CbGpPWpGaD
Norethindrone—CYP2C19—Metabolism—ADRA2A—hypertension	2.52e-06	5.51e-05	CbGpPWpGaD
Norethindrone—ABCB1—Metabolism—GOT2—hypertension	2.52e-06	5.5e-05	CbGpPWpGaD
Norethindrone—ABCB1—Metabolism—HMGCR—hypertension	2.52e-06	5.5e-05	CbGpPWpGaD
Norethindrone—CYP3A5—Metabolism—CAT—hypertension	2.51e-06	5.5e-05	CbGpPWpGaD
Norethindrone—CYP3A4—Metabolism—ADA—hypertension	2.51e-06	5.48e-05	CbGpPWpGaD
Norethindrone—CYP3A4—Metabolism—HSD3B1—hypertension	2.51e-06	5.48e-05	CbGpPWpGaD
Norethindrone—CYP3A5—Metabolism—GNAS—hypertension	2.49e-06	5.45e-05	CbGpPWpGaD
Norethindrone—ALB—Metabolism—GOT1—hypertension	2.48e-06	5.42e-05	CbGpPWpGaD
Norethindrone—CYP3A4—Metabolism—AQP1—hypertension	2.47e-06	5.4e-05	CbGpPWpGaD
Norethindrone—CYP3A4—Metabolism—FADS1—hypertension	2.47e-06	5.4e-05	CbGpPWpGaD
Norethindrone—ABCB1—Transmembrane transport of small molecules—ALB—hypertension	2.47e-06	5.39e-05	CbGpPWpGaD
Norethindrone—ABCB1—Metabolism—ADRA2A—hypertension	2.46e-06	5.38e-05	CbGpPWpGaD
Norethindrone—CYP3A5—Metabolism—APOB—hypertension	2.44e-06	5.34e-05	CbGpPWpGaD
Norethindrone—ALB—Metabolism—STK11—hypertension	2.41e-06	5.26e-05	CbGpPWpGaD
Norethindrone—ALB—Metabolism—CYP19A1—hypertension	2.41e-06	5.26e-05	CbGpPWpGaD
Norethindrone—CYP3A4—Metabolism—CA9—hypertension	2.4e-06	5.26e-05	CbGpPWpGaD
Norethindrone—CYP3A4—Metabolism—TBXAS1—hypertension	2.4e-06	5.26e-05	CbGpPWpGaD
Norethindrone—PGR—Signaling Pathways—MMP9—hypertension	2.39e-06	5.22e-05	CbGpPWpGaD
Norethindrone—PGR—Signaling Pathways—CDKN1A—hypertension	2.38e-06	5.2e-05	CbGpPWpGaD
Norethindrone—CYP3A5—Metabolism—GSTM1—hypertension	2.37e-06	5.19e-05	CbGpPWpGaD
Norethindrone—PGR—Signaling Pathways—PTEN—hypertension	2.37e-06	5.19e-05	CbGpPWpGaD
Norethindrone—ALB—Hemostasis—EP300—hypertension	2.37e-06	5.17e-05	CbGpPWpGaD
Norethindrone—CYP2C19—Metabolism—TH—hypertension	2.36e-06	5.16e-05	CbGpPWpGaD
Norethindrone—CYP3A7—Metabolism—PPARG—hypertension	2.35e-06	5.15e-05	CbGpPWpGaD
Norethindrone—CYP2C19—Metabolism—CALM2—hypertension	2.35e-06	5.14e-05	CbGpPWpGaD
Norethindrone—CYP3A4—Metabolism—ALOX15—hypertension	2.34e-06	5.12e-05	CbGpPWpGaD
Norethindrone—CYP3A4—Metabolism—ALOX5AP—hypertension	2.34e-06	5.12e-05	CbGpPWpGaD
Norethindrone—CYP3A5—Metabolism—LPL—hypertension	2.33e-06	5.1e-05	CbGpPWpGaD
Norethindrone—CYP2C19—Metabolism of lipids and lipoproteins—PTGS2—hypertension	2.32e-06	5.08e-05	CbGpPWpGaD
Norethindrone—CYP3A7—Metabolism—POMC—hypertension	2.32e-06	5.08e-05	CbGpPWpGaD
Norethindrone—PGR—Signaling Pathways—MAPK8—hypertension	2.32e-06	5.07e-05	CbGpPWpGaD
Norethindrone—CYP3A7—Metabolism—INS—hypertension	2.31e-06	5.05e-05	CbGpPWpGaD
Norethindrone—ABCB1—Metabolism—TH—hypertension	2.3e-06	5.04e-05	CbGpPWpGaD
Norethindrone—ALB—Hemostasis—SRC—hypertension	2.3e-06	5.03e-05	CbGpPWpGaD
Norethindrone—CYP2C19—Metabolism—GCG—hypertension	2.3e-06	5.02e-05	CbGpPWpGaD
Norethindrone—CYP2C19—Metabolism—SLC2A4—hypertension	2.3e-06	5.02e-05	CbGpPWpGaD
Norethindrone—ABCB1—Metabolism—CALM2—hypertension	2.3e-06	5.02e-05	CbGpPWpGaD
Norethindrone—CYP3A4—Metabolism—HADHA—hypertension	2.29e-06	5e-05	CbGpPWpGaD
Norethindrone—CYP3A4—Metabolism—LHB—hypertension	2.29e-06	5e-05	CbGpPWpGaD
Norethindrone—CYP3A5—Metabolism—ADCY5—hypertension	2.28e-06	4.99e-05	CbGpPWpGaD
Norethindrone—CYP3A5—Metabolism—GPX1—hypertension	2.27e-06	4.97e-05	CbGpPWpGaD
Norethindrone—PGR—Signaling Pathways—EP300—hypertension	2.26e-06	4.95e-05	CbGpPWpGaD
Norethindrone—ALB—Metabolism of lipids and lipoproteins—PTEN—hypertension	2.26e-06	4.94e-05	CbGpPWpGaD
Norethindrone—CYP3A5—Metabolism—PRKCA—hypertension	2.25e-06	4.92e-05	CbGpPWpGaD
Norethindrone—CYP3A5—Metabolism—CYP1A1—hypertension	2.25e-06	4.92e-05	CbGpPWpGaD
Norethindrone—ABCB1—Metabolism—GCG—hypertension	2.24e-06	4.9e-05	CbGpPWpGaD
Norethindrone—ABCB1—Metabolism—SLC2A4—hypertension	2.24e-06	4.9e-05	CbGpPWpGaD
Norethindrone—ALB—Hemostasis—VEGFA—hypertension	2.24e-06	4.9e-05	CbGpPWpGaD
Norethindrone—ALB—Metabolism—COMT—hypertension	2.24e-06	4.89e-05	CbGpPWpGaD
Norethindrone—CYP3A4—Metabolism—KCNJ11—hypertension	2.24e-06	4.89e-05	CbGpPWpGaD
Norethindrone—CYP3A4—Metabolism—HSD3B2—hypertension	2.24e-06	4.89e-05	CbGpPWpGaD
Norethindrone—CYP3A4—Metabolism—LPA—hypertension	2.24e-06	4.89e-05	CbGpPWpGaD
Norethindrone—CYP2C19—Metabolism—GOT1—hypertension	2.22e-06	4.86e-05	CbGpPWpGaD
Norethindrone—CYP3A5—Metabolism—CD36—hypertension	2.21e-06	4.84e-05	CbGpPWpGaD
Norethindrone—ALB—Metabolism—GNB3—hypertension	2.21e-06	4.82e-05	CbGpPWpGaD
Norethindrone—ALB—Metabolism—PPARGC1A—hypertension	2.21e-06	4.82e-05	CbGpPWpGaD
Norethindrone—PGR—Signaling Pathways—SRC—hypertension	2.2e-06	4.81e-05	CbGpPWpGaD
Norethindrone—ALB—Metabolism—HMOX1—hypertension	2.2e-06	4.8e-05	CbGpPWpGaD
Norethindrone—ABCB1—Metabolism—GOT1—hypertension	2.17e-06	4.75e-05	CbGpPWpGaD
Norethindrone—ALB—Metabolism—CAT—hypertension	2.17e-06	4.74e-05	CbGpPWpGaD
Norethindrone—CYP2C19—Metabolism—STK11—hypertension	2.16e-06	4.72e-05	CbGpPWpGaD
Norethindrone—CYP2C19—Metabolism—CYP19A1—hypertension	2.16e-06	4.72e-05	CbGpPWpGaD
Norethindrone—ALB—Metabolism of lipids and lipoproteins—EP300—hypertension	2.15e-06	4.71e-05	CbGpPWpGaD
Norethindrone—ALB—Metabolism—GNAS—hypertension	2.15e-06	4.69e-05	CbGpPWpGaD
Norethindrone—CYP3A4—Metabolism—CYP2C18—hypertension	2.14e-06	4.69e-05	CbGpPWpGaD
Norethindrone—CYP3A4—Metabolism—LRP2—hypertension	2.14e-06	4.69e-05	CbGpPWpGaD
Norethindrone—PGR—Signaling Pathways—VEGFA—hypertension	2.14e-06	4.69e-05	CbGpPWpGaD
Norethindrone—CYP3A7—Metabolism—ALB—hypertension	2.12e-06	4.63e-05	CbGpPWpGaD
Norethindrone—ABCB1—Metabolism—STK11—hypertension	2.11e-06	4.61e-05	CbGpPWpGaD
Norethindrone—ABCB1—Metabolism—CYP19A1—hypertension	2.11e-06	4.61e-05	CbGpPWpGaD
Norethindrone—PGR—Gene Expression—AKT1—hypertension	2.1e-06	4.6e-05	CbGpPWpGaD
Norethindrone—ALB—Metabolism—APOB—hypertension	2.1e-06	4.6e-05	CbGpPWpGaD
Norethindrone—CYP3A5—Metabolism—MTHFR—hypertension	2.1e-06	4.59e-05	CbGpPWpGaD
Norethindrone—CYP3A4—Metabolism—HSPG2—hypertension	2.06e-06	4.51e-05	CbGpPWpGaD
Norethindrone—CYP3A5—Metabolism—PPARA—hypertension	2.06e-06	4.5e-05	CbGpPWpGaD
Norethindrone—ALB—Hemostasis—TGFB1—hypertension	2.06e-06	4.5e-05	CbGpPWpGaD
Norethindrone—ALB—Metabolism—GSTM1—hypertension	2.05e-06	4.47e-05	CbGpPWpGaD
Norethindrone—CYP2C19—Metabolism of lipids and lipoproteins—PTEN—hypertension	2.03e-06	4.43e-05	CbGpPWpGaD
Norethindrone—CYP3A7—Metabolism—PIK3R1—hypertension	2.03e-06	4.43e-05	CbGpPWpGaD
Norethindrone—CYP3A7—Metabolism—NOS3—hypertension	2.03e-06	4.43e-05	CbGpPWpGaD
Norethindrone—ALB—Metabolism—LPL—hypertension	2.01e-06	4.39e-05	CbGpPWpGaD
Norethindrone—CYP2C19—Metabolism—COMT—hypertension	2.01e-06	4.39e-05	CbGpPWpGaD
Norethindrone—CYP3A5—Metabolism—AGT—hypertension	1.99e-06	4.36e-05	CbGpPWpGaD
Norethindrone—CYP3A4—Metabolism—GLP1R—hypertension	1.99e-06	4.36e-05	CbGpPWpGaD
Norethindrone—CYP3A4—Metabolism—ALOX5—hypertension	1.99e-06	4.36e-05	CbGpPWpGaD
Norethindrone—CYP2C19—Metabolism—PPARGC1A—hypertension	1.98e-06	4.33e-05	CbGpPWpGaD
Norethindrone—CYP2C19—Metabolism—GNB3—hypertension	1.98e-06	4.33e-05	CbGpPWpGaD
Norethindrone—PGR—Signaling Pathways—MYC—hypertension	1.97e-06	4.31e-05	CbGpPWpGaD
Norethindrone—CYP2C19—Metabolism—HMOX1—hypertension	1.97e-06	4.31e-05	CbGpPWpGaD
Norethindrone—PGR—Signaling Pathways—TGFB1—hypertension	1.97e-06	4.3e-05	CbGpPWpGaD
Norethindrone—ALB—Metabolism—ADCY5—hypertension	1.97e-06	4.3e-05	CbGpPWpGaD
Norethindrone—CYP3A5—Metabolism—CALM1—hypertension	1.96e-06	4.29e-05	CbGpPWpGaD
Norethindrone—ABCB1—Metabolism—COMT—hypertension	1.96e-06	4.28e-05	CbGpPWpGaD
Norethindrone—ALB—Metabolism—GPX1—hypertension	1.96e-06	4.28e-05	CbGpPWpGaD
Norethindrone—CYP3A5—Metabolism—APOE—hypertension	1.95e-06	4.27e-05	CbGpPWpGaD
Norethindrone—CYP2C19—Metabolism—CAT—hypertension	1.94e-06	4.25e-05	CbGpPWpGaD
Norethindrone—ALB—Metabolism—PRKCA—hypertension	1.94e-06	4.24e-05	CbGpPWpGaD
Norethindrone—ALB—Metabolism—CYP1A1—hypertension	1.94e-06	4.24e-05	CbGpPWpGaD
Norethindrone—CYP3A5—Metabolism—CAV1—hypertension	1.94e-06	4.23e-05	CbGpPWpGaD
Norethindrone—CYP2C19—Metabolism of lipids and lipoproteins—EP300—hypertension	1.93e-06	4.23e-05	CbGpPWpGaD
Norethindrone—ABCB1—Metabolism—GNB3—hypertension	1.93e-06	4.22e-05	CbGpPWpGaD
Norethindrone—ABCB1—Metabolism—PPARGC1A—hypertension	1.93e-06	4.22e-05	CbGpPWpGaD
Norethindrone—CYP3A5—Metabolism—APOA1—hypertension	1.93e-06	4.22e-05	CbGpPWpGaD
Norethindrone—PGR—Signaling Pathways—EGFR—hypertension	1.93e-06	4.22e-05	CbGpPWpGaD
Norethindrone—CYP2C19—Metabolism—GNAS—hypertension	1.93e-06	4.21e-05	CbGpPWpGaD
Norethindrone—ABCB1—Metabolism—HMOX1—hypertension	1.92e-06	4.2e-05	CbGpPWpGaD
Norethindrone—ALB—Metabolism—CD36—hypertension	1.91e-06	4.17e-05	CbGpPWpGaD
Norethindrone—ABCB1—Metabolism—CAT—hypertension	1.9e-06	4.15e-05	CbGpPWpGaD
Norethindrone—CYP2C19—Metabolism—APOB—hypertension	1.89e-06	4.13e-05	CbGpPWpGaD
Norethindrone—ABCB1—Metabolism—GNAS—hypertension	1.88e-06	4.11e-05	CbGpPWpGaD
Norethindrone—CYP3A7—Metabolism—PTGS2—hypertension	1.85e-06	4.05e-05	CbGpPWpGaD
Norethindrone—ABCB1—Metabolism—APOB—hypertension	1.84e-06	4.03e-05	CbGpPWpGaD
Norethindrone—CYP2C19—Metabolism—GSTM1—hypertension	1.84e-06	4.01e-05	CbGpPWpGaD
Norethindrone—CYP3A4—Metabolism—ALDH2—hypertension	1.82e-06	3.98e-05	CbGpPWpGaD
Norethindrone—ALB—Metabolism—MTHFR—hypertension	1.81e-06	3.95e-05	CbGpPWpGaD
Norethindrone—CYP2C19—Metabolism—LPL—hypertension	1.8e-06	3.94e-05	CbGpPWpGaD
Norethindrone—ABCB1—Metabolism—GSTM1—hypertension	1.79e-06	3.92e-05	CbGpPWpGaD
Norethindrone—CYP3A4—Metabolism—HBA1—hypertension	1.78e-06	3.88e-05	CbGpPWpGaD
Norethindrone—ALB—Metabolism—PPARA—hypertension	1.77e-06	3.88e-05	CbGpPWpGaD
Norethindrone—CYP3A4—Metabolism—CYP11A1—hypertension	1.76e-06	3.86e-05	CbGpPWpGaD
Norethindrone—CYP2C19—Metabolism—ADCY5—hypertension	1.76e-06	3.86e-05	CbGpPWpGaD
Norethindrone—ABCB1—Metabolism—LPL—hypertension	1.76e-06	3.85e-05	CbGpPWpGaD
Norethindrone—CYP2C19—Metabolism—GPX1—hypertension	1.76e-06	3.84e-05	CbGpPWpGaD
Norethindrone—CYP2C19—Metabolism—PRKCA—hypertension	1.74e-06	3.81e-05	CbGpPWpGaD
Norethindrone—CYP2C19—Metabolism—CYP1A1—hypertension	1.74e-06	3.81e-05	CbGpPWpGaD
Norethindrone—CYP3A4—Metabolism—SLC9A1—hypertension	1.73e-06	3.79e-05	CbGpPWpGaD
Norethindrone—CYP3A4—Metabolism—GSTT1—hypertension	1.73e-06	3.79e-05	CbGpPWpGaD
Norethindrone—ABCB1—Metabolism—ADCY5—hypertension	1.72e-06	3.76e-05	CbGpPWpGaD
Norethindrone—ALB—Metabolism—AGT—hypertension	1.72e-06	3.75e-05	CbGpPWpGaD
Norethindrone—ABCB1—Metabolism—GPX1—hypertension	1.72e-06	3.75e-05	CbGpPWpGaD
Norethindrone—CYP3A4—Metabolism—CETP—hypertension	1.71e-06	3.75e-05	CbGpPWpGaD
Norethindrone—CYP3A4—Metabolism—GCLC—hypertension	1.71e-06	3.75e-05	CbGpPWpGaD
Norethindrone—CYP2C19—Metabolism—CD36—hypertension	1.71e-06	3.74e-05	CbGpPWpGaD
Norethindrone—CYP3A5—Metabolism—PPARG—hypertension	1.7e-06	3.72e-05	CbGpPWpGaD
Norethindrone—ABCB1—Metabolism—CYP1A1—hypertension	1.7e-06	3.71e-05	CbGpPWpGaD
Norethindrone—ABCB1—Metabolism—PRKCA—hypertension	1.7e-06	3.71e-05	CbGpPWpGaD
Norethindrone—ALB—Hemostasis—TP53—hypertension	1.69e-06	3.7e-05	CbGpPWpGaD
Norethindrone—ALB—Metabolism—CALM1—hypertension	1.69e-06	3.69e-05	CbGpPWpGaD
Norethindrone—ALB—Metabolism—APOE—hypertension	1.68e-06	3.68e-05	CbGpPWpGaD
Norethindrone—CYP3A5—Metabolism—POMC—hypertension	1.68e-06	3.67e-05	CbGpPWpGaD
Norethindrone—ABCB1—Metabolism—CD36—hypertension	1.67e-06	3.65e-05	CbGpPWpGaD
Norethindrone—CYP3A5—Metabolism—INS—hypertension	1.67e-06	3.65e-05	CbGpPWpGaD
Norethindrone—ALB—Metabolism—CAV1—hypertension	1.67e-06	3.65e-05	CbGpPWpGaD
Norethindrone—ALB—Metabolism—APOA1—hypertension	1.66e-06	3.64e-05	CbGpPWpGaD
Norethindrone—CYP3A4—Metabolism—CYP17A1—hypertension	1.64e-06	3.59e-05	CbGpPWpGaD
Norethindrone—CYP3A4—Metabolism—ENO1—hypertension	1.62e-06	3.55e-05	CbGpPWpGaD
Norethindrone—CYP3A4—Metabolism—PTGS1—hypertension	1.62e-06	3.55e-05	CbGpPWpGaD
Norethindrone—CYP2C19—Metabolism—MTHFR—hypertension	1.62e-06	3.55e-05	CbGpPWpGaD
Norethindrone—PGR—Signaling Pathways—TP53—hypertension	1.62e-06	3.54e-05	CbGpPWpGaD
Norethindrone—CYP3A7—Metabolism—PTEN—hypertension	1.62e-06	3.53e-05	CbGpPWpGaD
Norethindrone—CYP2C19—Metabolism—PPARA—hypertension	1.59e-06	3.48e-05	CbGpPWpGaD
Norethindrone—ABCB1—Metabolism—MTHFR—hypertension	1.58e-06	3.46e-05	CbGpPWpGaD
Norethindrone—CYP3A4—Metabolism—CTGF—hypertension	1.56e-06	3.42e-05	CbGpPWpGaD
Norethindrone—ABCB1—Metabolism—PPARA—hypertension	1.55e-06	3.4e-05	CbGpPWpGaD
Norethindrone—CYP3A4—Metabolism—GOT2—hypertension	1.55e-06	3.39e-05	CbGpPWpGaD
Norethindrone—CYP3A4—Metabolism—HMGCR—hypertension	1.55e-06	3.39e-05	CbGpPWpGaD
Norethindrone—CYP2C19—Metabolism—AGT—hypertension	1.54e-06	3.37e-05	CbGpPWpGaD
Norethindrone—CYP3A7—Metabolism—EP300—hypertension	1.54e-06	3.37e-05	CbGpPWpGaD
Norethindrone—CYP3A5—Metabolism—ALB—hypertension	1.53e-06	3.35e-05	CbGpPWpGaD
Norethindrone—CYP3A4—Metabolism—ADRA2A—hypertension	1.52e-06	3.32e-05	CbGpPWpGaD
Norethindrone—CYP2C19—Metabolism—CALM1—hypertension	1.52e-06	3.31e-05	CbGpPWpGaD
Norethindrone—CYP2C19—Metabolism—APOE—hypertension	1.51e-06	3.3e-05	CbGpPWpGaD
Norethindrone—ABCB1—Metabolism—AGT—hypertension	1.5e-06	3.29e-05	CbGpPWpGaD
Norethindrone—CYP2C19—Metabolism—CAV1—hypertension	1.5e-06	3.27e-05	CbGpPWpGaD
Norethindrone—CYP2C19—Metabolism—APOA1—hypertension	1.49e-06	3.26e-05	CbGpPWpGaD
Norethindrone—PGR—Signaling Pathways—IL6—hypertension	1.48e-06	3.24e-05	CbGpPWpGaD
Norethindrone—ABCB1—Metabolism—CALM1—hypertension	1.48e-06	3.23e-05	CbGpPWpGaD
Norethindrone—ABCB1—Metabolism—APOE—hypertension	1.47e-06	3.22e-05	CbGpPWpGaD
Norethindrone—ALB—Metabolism—PPARG—hypertension	1.47e-06	3.2e-05	CbGpPWpGaD
Norethindrone—CYP3A5—Metabolism—NOS3—hypertension	1.46e-06	3.2e-05	CbGpPWpGaD
Norethindrone—CYP3A5—Metabolism—PIK3R1—hypertension	1.46e-06	3.2e-05	CbGpPWpGaD
Norethindrone—ABCB1—Metabolism—CAV1—hypertension	1.46e-06	3.19e-05	CbGpPWpGaD
Norethindrone—ABCB1—Metabolism—APOA1—hypertension	1.46e-06	3.19e-05	CbGpPWpGaD
Norethindrone—ALB—Metabolism—POMC—hypertension	1.45e-06	3.16e-05	CbGpPWpGaD
Norethindrone—ALB—Metabolism—INS—hypertension	1.44e-06	3.14e-05	CbGpPWpGaD
Norethindrone—ALB—Hemostasis—AKT1—hypertension	1.43e-06	3.13e-05	CbGpPWpGaD
Norethindrone—CYP3A4—Metabolism—TH—hypertension	1.42e-06	3.1e-05	CbGpPWpGaD
Norethindrone—CYP3A4—Metabolism—CALM2—hypertension	1.41e-06	3.09e-05	CbGpPWpGaD
Norethindrone—CYP3A4—Metabolism—SLC2A4—hypertension	1.38e-06	3.02e-05	CbGpPWpGaD
Norethindrone—CYP3A4—Metabolism—GCG—hypertension	1.38e-06	3.02e-05	CbGpPWpGaD
Norethindrone—PGR—Signaling Pathways—AKT1—hypertension	1.37e-06	2.99e-05	CbGpPWpGaD
Norethindrone—CYP3A5—Metabolism—PTGS2—hypertension	1.34e-06	2.93e-05	CbGpPWpGaD
Norethindrone—CYP3A4—Metabolism—GOT1—hypertension	1.34e-06	2.92e-05	CbGpPWpGaD
Norethindrone—CYP2C19—Metabolism—PPARG—hypertension	1.32e-06	2.88e-05	CbGpPWpGaD
Norethindrone—CYP3A4—Metabolism—CYP19A1—hypertension	1.3e-06	2.84e-05	CbGpPWpGaD
Norethindrone—CYP3A4—Metabolism—STK11—hypertension	1.3e-06	2.84e-05	CbGpPWpGaD
Norethindrone—CYP2C19—Metabolism—POMC—hypertension	1.3e-06	2.84e-05	CbGpPWpGaD
Norethindrone—CYP2C19—Metabolism—INS—hypertension	1.29e-06	2.82e-05	CbGpPWpGaD
Norethindrone—ABCB1—Metabolism—PPARG—hypertension	1.28e-06	2.81e-05	CbGpPWpGaD
Norethindrone—ABCB1—Metabolism—POMC—hypertension	1.27e-06	2.77e-05	CbGpPWpGaD
Norethindrone—ALB—Metabolism—NOS3—hypertension	1.26e-06	2.76e-05	CbGpPWpGaD
Norethindrone—ALB—Metabolism—PIK3R1—hypertension	1.26e-06	2.76e-05	CbGpPWpGaD
Norethindrone—ABCB1—Metabolism—INS—hypertension	1.26e-06	2.75e-05	CbGpPWpGaD
Norethindrone—CYP3A4—Metabolism—COMT—hypertension	1.21e-06	2.64e-05	CbGpPWpGaD
Norethindrone—CYP3A4—Metabolism—PPARGC1A—hypertension	1.19e-06	2.6e-05	CbGpPWpGaD
Norethindrone—CYP3A4—Metabolism—GNB3—hypertension	1.19e-06	2.6e-05	CbGpPWpGaD
Norethindrone—CYP3A4—Metabolism—HMOX1—hypertension	1.18e-06	2.59e-05	CbGpPWpGaD
Norethindrone—CYP2C19—Metabolism—ALB—hypertension	1.18e-06	2.59e-05	CbGpPWpGaD
Norethindrone—CYP3A4—Metabolism—CAT—hypertension	1.17e-06	2.56e-05	CbGpPWpGaD
Norethindrone—CYP3A5—Metabolism—PTEN—hypertension	1.17e-06	2.55e-05	CbGpPWpGaD
Norethindrone—CYP3A4—Metabolism—GNAS—hypertension	1.16e-06	2.53e-05	CbGpPWpGaD
Norethindrone—ABCB1—Metabolism—ALB—hypertension	1.15e-06	2.52e-05	CbGpPWpGaD
Norethindrone—ALB—Metabolism—PTGS2—hypertension	1.15e-06	2.52e-05	CbGpPWpGaD
Norethindrone—CYP3A4—Metabolism—APOB—hypertension	1.14e-06	2.48e-05	CbGpPWpGaD
Norethindrone—CYP2C19—Metabolism—PIK3R1—hypertension	1.13e-06	2.47e-05	CbGpPWpGaD
Norethindrone—CYP2C19—Metabolism—NOS3—hypertension	1.13e-06	2.47e-05	CbGpPWpGaD
Norethindrone—CYP3A5—Metabolism—EP300—hypertension	1.11e-06	2.43e-05	CbGpPWpGaD
Norethindrone—ABCB1—Metabolism—NOS3—hypertension	1.1e-06	2.42e-05	CbGpPWpGaD
Norethindrone—ABCB1—Metabolism—PIK3R1—hypertension	1.1e-06	2.42e-05	CbGpPWpGaD
Norethindrone—CYP3A4—Metabolism—GSTM1—hypertension	1.1e-06	2.41e-05	CbGpPWpGaD
Norethindrone—CYP3A4—Metabolism—LPL—hypertension	1.08e-06	2.37e-05	CbGpPWpGaD
Norethindrone—CYP3A4—Metabolism—ADCY5—hypertension	1.06e-06	2.32e-05	CbGpPWpGaD
Norethindrone—CYP3A4—Metabolism—GPX1—hypertension	1.06e-06	2.31e-05	CbGpPWpGaD
Norethindrone—CYP3A4—Metabolism—CYP1A1—hypertension	1.05e-06	2.29e-05	CbGpPWpGaD
Norethindrone—CYP3A4—Metabolism—PRKCA—hypertension	1.05e-06	2.29e-05	CbGpPWpGaD
Norethindrone—CYP2C19—Metabolism—PTGS2—hypertension	1.04e-06	2.26e-05	CbGpPWpGaD
Norethindrone—CYP3A4—Metabolism—CD36—hypertension	1.03e-06	2.25e-05	CbGpPWpGaD
Norethindrone—ABCB1—Metabolism—PTGS2—hypertension	1.01e-06	2.21e-05	CbGpPWpGaD
Norethindrone—ALB—Metabolism—PTEN—hypertension	1.01e-06	2.2e-05	CbGpPWpGaD
Norethindrone—CYP3A4—Metabolism—MTHFR—hypertension	9.76e-07	2.13e-05	CbGpPWpGaD
Norethindrone—ALB—Metabolism—EP300—hypertension	9.59e-07	2.1e-05	CbGpPWpGaD
Norethindrone—CYP3A4—Metabolism—PPARA—hypertension	9.57e-07	2.09e-05	CbGpPWpGaD
Norethindrone—CYP3A7—Metabolism—AKT1—hypertension	9.31e-07	2.04e-05	CbGpPWpGaD
Norethindrone—CYP3A4—Metabolism—AGT—hypertension	9.27e-07	2.03e-05	CbGpPWpGaD
Norethindrone—CYP3A4—Metabolism—CALM1—hypertension	9.12e-07	1.99e-05	CbGpPWpGaD
Norethindrone—CYP3A4—Metabolism—APOE—hypertension	9.08e-07	1.99e-05	CbGpPWpGaD
Norethindrone—CYP2C19—Metabolism—PTEN—hypertension	9.03e-07	1.97e-05	CbGpPWpGaD
Norethindrone—CYP3A4—Metabolism—CAV1—hypertension	9e-07	1.97e-05	CbGpPWpGaD
Norethindrone—CYP3A4—Metabolism—APOA1—hypertension	8.98e-07	1.96e-05	CbGpPWpGaD
Norethindrone—ABCB1—Metabolism—PTEN—hypertension	8.81e-07	1.93e-05	CbGpPWpGaD
Norethindrone—CYP2C19—Metabolism—EP300—hypertension	8.61e-07	1.88e-05	CbGpPWpGaD
Norethindrone—ABCB1—Metabolism—EP300—hypertension	8.4e-07	1.84e-05	CbGpPWpGaD
Norethindrone—CYP3A4—Metabolism—PPARG—hypertension	7.91e-07	1.73e-05	CbGpPWpGaD
Norethindrone—CYP3A4—Metabolism—POMC—hypertension	7.8e-07	1.71e-05	CbGpPWpGaD
Norethindrone—CYP3A4—Metabolism—INS—hypertension	7.76e-07	1.7e-05	CbGpPWpGaD
Norethindrone—CYP3A4—Metabolism—ALB—hypertension	7.11e-07	1.56e-05	CbGpPWpGaD
Norethindrone—CYP3A4—Metabolism—NOS3—hypertension	6.81e-07	1.49e-05	CbGpPWpGaD
Norethindrone—CYP3A4—Metabolism—PIK3R1—hypertension	6.81e-07	1.49e-05	CbGpPWpGaD
Norethindrone—CYP3A5—Metabolism—AKT1—hypertension	6.73e-07	1.47e-05	CbGpPWpGaD
Norethindrone—CYP3A4—Metabolism—PTGS2—hypertension	6.22e-07	1.36e-05	CbGpPWpGaD
Norethindrone—ALB—Metabolism—AKT1—hypertension	5.8e-07	1.27e-05	CbGpPWpGaD
Norethindrone—CYP3A4—Metabolism—PTEN—hypertension	5.43e-07	1.19e-05	CbGpPWpGaD
Norethindrone—CYP2C19—Metabolism—AKT1—hypertension	5.2e-07	1.14e-05	CbGpPWpGaD
Norethindrone—CYP3A4—Metabolism—EP300—hypertension	5.18e-07	1.13e-05	CbGpPWpGaD
Norethindrone—ABCB1—Metabolism—AKT1—hypertension	5.08e-07	1.11e-05	CbGpPWpGaD
Norethindrone—CYP3A4—Metabolism—AKT1—hypertension	3.13e-07	6.84e-06	CbGpPWpGaD
