nodes	percent_of_prediction	percent_of_DWPC	metapath
Busulfan—CYP3A4—Chenodeoxycholic acid—primary biliary cirrhosis	0.132	0.664	CbGbCtD
Busulfan—CYP3A4—Colchicine—primary biliary cirrhosis	0.0668	0.336	CbGbCtD
Busulfan—GSTA1—gall bladder—primary biliary cirrhosis	0.0234	0.208	CbGeAlD
Busulfan—GSTA2—gall bladder—primary biliary cirrhosis	0.0169	0.15	CbGeAlD
Busulfan—GSTA1—epithelium—primary biliary cirrhosis	0.0121	0.108	CbGeAlD
Busulfan—MGST2—Aflatoxin activation and detoxification—GGT1—primary biliary cirrhosis	0.0113	0.067	CbGpPWpGaD
Busulfan—GSTP1—gall bladder—primary biliary cirrhosis	0.0108	0.0964	CbGeAlD
Busulfan—GSTA2—epithelium—primary biliary cirrhosis	0.00872	0.0777	CbGeAlD
Busulfan—GSTA1—Glutathione metabolism—GGT1—primary biliary cirrhosis	0.00827	0.0489	CbGpPWpGaD
Busulfan—MGST2—liver—primary biliary cirrhosis	0.00806	0.0718	CbGeAlD
Busulfan—MGST2—Glutathione conjugation—GGT1—primary biliary cirrhosis	0.00747	0.0442	CbGpPWpGaD
Busulfan—Myelosuppression—Colchicine—primary biliary cirrhosis	0.00732	0.0141	CcSEcCtD
Busulfan—Pericarditis—Chenodeoxycholic acid—primary biliary cirrhosis	0.00713	0.0137	CcSEcCtD
Busulfan—Pericarditis—Ursodeoxycholic acid—primary biliary cirrhosis	0.00713	0.0137	CcSEcCtD
Busulfan—Pulmonary fibrosis—Chenodeoxycholic acid—primary biliary cirrhosis	0.00701	0.0135	CcSEcCtD
Busulfan—Pulmonary fibrosis—Ursodeoxycholic acid—primary biliary cirrhosis	0.00701	0.0135	CcSEcCtD
Busulfan—GSTA2—Constitutive Androstane Receptor Pathway—ABCC2—primary biliary cirrhosis	0.00688	0.0406	CbGpPWpGaD
Busulfan—GSTA1—liver—primary biliary cirrhosis	0.00685	0.061	CbGeAlD
Busulfan—Interstitial pneumonia—Ursodeoxycholic acid—primary biliary cirrhosis	0.00638	0.0123	CcSEcCtD
Busulfan—Interstitial pneumonia—Chenodeoxycholic acid—primary biliary cirrhosis	0.00638	0.0123	CcSEcCtD
Busulfan—GSTA1—Glutathione conjugation—GGT1—primary biliary cirrhosis	0.00635	0.0375	CbGpPWpGaD
Busulfan—CYP3A4—Drug Induction of Bile Acid Pathway—SLC51B—primary biliary cirrhosis	0.00585	0.0346	CbGpPWpGaD
Busulfan—GSTA2—Aryl Hydrocarbon Receptor Pathway—IL12A—primary biliary cirrhosis	0.00577	0.0341	CbGpPWpGaD
Busulfan—Ear disorder—Chenodeoxycholic acid—primary biliary cirrhosis	0.00571	0.011	CcSEcCtD
Busulfan—Ear disorder—Ursodeoxycholic acid—primary biliary cirrhosis	0.00571	0.011	CcSEcCtD
Busulfan—GSTP1—epithelium—primary biliary cirrhosis	0.0056	0.0499	CbGeAlD
Busulfan—GSTM1—Glutathione metabolism—GGT1—primary biliary cirrhosis	0.00544	0.0321	CbGpPWpGaD
Busulfan—GSTP1—smooth muscle tissue—primary biliary cirrhosis	0.0054	0.0481	CbGeAlD
Busulfan—Transaminases increased—Ursodeoxycholic acid—primary biliary cirrhosis	0.00507	0.00976	CcSEcCtD
Busulfan—Transaminases increased—Chenodeoxycholic acid—primary biliary cirrhosis	0.00507	0.00976	CcSEcCtD
Busulfan—GSTM1—liver—primary biliary cirrhosis	0.00507	0.0451	CbGeAlD
Busulfan—GSTA2—liver—primary biliary cirrhosis	0.00494	0.044	CbGeAlD
Busulfan—GSTA2—Aryl Hydrocarbon Receptor Pathway—IGFBP1—primary biliary cirrhosis	0.00491	0.029	CbGpPWpGaD
Busulfan—CYP3A4—Drug Induction of Bile Acid Pathway—SLC51A—primary biliary cirrhosis	0.00444	0.0262	CbGpPWpGaD
Busulfan—Lung disorder—Ursodeoxycholic acid—primary biliary cirrhosis	0.00436	0.00839	CcSEcCtD
Busulfan—Interstitial lung disease—Chenodeoxycholic acid—primary biliary cirrhosis	0.00436	0.00839	CcSEcCtD
Busulfan—Interstitial lung disease—Ursodeoxycholic acid—primary biliary cirrhosis	0.00436	0.00839	CcSEcCtD
Busulfan—Thrombosis—Ursodeoxycholic acid—primary biliary cirrhosis	0.00436	0.00839	CcSEcCtD
Busulfan—Thrombosis—Chenodeoxycholic acid—primary biliary cirrhosis	0.00436	0.00839	CcSEcCtD
Busulfan—Lung disorder—Chenodeoxycholic acid—primary biliary cirrhosis	0.00436	0.00839	CcSEcCtD
Busulfan—GSTA2—Glutathione conjugation—GGT1—primary biliary cirrhosis	0.00429	0.0254	CbGpPWpGaD
Busulfan—GSTM1—Glutathione conjugation—GGT1—primary biliary cirrhosis	0.00417	0.0247	CbGpPWpGaD
Busulfan—Pleural effusion—Chenodeoxycholic acid—primary biliary cirrhosis	0.00403	0.00775	CcSEcCtD
Busulfan—Pleural effusion—Ursodeoxycholic acid—primary biliary cirrhosis	0.00403	0.00775	CcSEcCtD
Busulfan—GSTA2—Constitutive Androstane Receptor Pathway—PPARGC1A—primary biliary cirrhosis	0.00382	0.0226	CbGpPWpGaD
Busulfan—Gamma-glutamyltransferase increased—Chenodeoxycholic acid—primary biliary cirrhosis	0.00375	0.00722	CcSEcCtD
Busulfan—Gamma-glutamyltransferase increased—Ursodeoxycholic acid—primary biliary cirrhosis	0.00375	0.00722	CcSEcCtD
Busulfan—Oliguria—Colchicine—primary biliary cirrhosis	0.00373	0.00717	CcSEcCtD
Busulfan—GSTA2—Aryl Hydrocarbon Receptor Pathway—IL12B—primary biliary cirrhosis	0.00362	0.0214	CbGpPWpGaD
Busulfan—Creatinine increased—Colchicine—primary biliary cirrhosis	0.00361	0.00694	CcSEcCtD
Busulfan—MGST2—NRF2 pathway—ABCC2—primary biliary cirrhosis	0.00356	0.021	CbGpPWpGaD
Busulfan—GSTP1—Glutathione conjugation—GGT1—primary biliary cirrhosis	0.00355	0.021	CbGpPWpGaD
Busulfan—Skin discolouration—Chenodeoxycholic acid—primary biliary cirrhosis	0.00342	0.00657	CcSEcCtD
Busulfan—Skin discolouration—Ursodeoxycholic acid—primary biliary cirrhosis	0.00342	0.00657	CcSEcCtD
Busulfan—MGST2—Phase II conjugation—GGT1—primary biliary cirrhosis	0.00333	0.0197	CbGpPWpGaD
Busulfan—Drug interaction—Chenodeoxycholic acid—primary biliary cirrhosis	0.00333	0.0064	CcSEcCtD
Busulfan—Drug interaction—Ursodeoxycholic acid—primary biliary cirrhosis	0.00333	0.0064	CcSEcCtD
Busulfan—Blood bilirubin increased—Chenodeoxycholic acid—primary biliary cirrhosis	0.00326	0.00628	CcSEcCtD
Busulfan—Blood bilirubin increased—Ursodeoxycholic acid—primary biliary cirrhosis	0.00326	0.00628	CcSEcCtD
Busulfan—Cataract—Chenodeoxycholic acid—primary biliary cirrhosis	0.00324	0.00624	CcSEcCtD
Busulfan—Creatinine increased—Chenodeoxycholic acid—primary biliary cirrhosis	0.00324	0.00624	CcSEcCtD
Busulfan—Cataract—Ursodeoxycholic acid—primary biliary cirrhosis	0.00324	0.00624	CcSEcCtD
Busulfan—Creatinine increased—Ursodeoxycholic acid—primary biliary cirrhosis	0.00324	0.00624	CcSEcCtD
Busulfan—Aplastic anaemia—Colchicine—primary biliary cirrhosis	0.00322	0.0062	CcSEcCtD
Busulfan—GSTP1—liver—primary biliary cirrhosis	0.00317	0.0283	CbGeAlD
Busulfan—Rash maculo-papular—Colchicine—primary biliary cirrhosis	0.00312	0.006	CcSEcCtD
Busulfan—Bladder pain—Colchicine—primary biliary cirrhosis	0.0031	0.00597	CcSEcCtD
Busulfan—GSTA1—NRF2 pathway—ABCC2—primary biliary cirrhosis	0.00302	0.0179	CbGpPWpGaD
Busulfan—Cystitis noninfective—Ursodeoxycholic acid—primary biliary cirrhosis	0.00301	0.0058	CcSEcCtD
Busulfan—Cystitis noninfective—Chenodeoxycholic acid—primary biliary cirrhosis	0.00301	0.0058	CcSEcCtD
Busulfan—Cystitis—Ursodeoxycholic acid—primary biliary cirrhosis	0.00298	0.00573	CcSEcCtD
Busulfan—Cystitis—Chenodeoxycholic acid—primary biliary cirrhosis	0.00298	0.00573	CcSEcCtD
Busulfan—GSTA1—Phase II conjugation—GGT1—primary biliary cirrhosis	0.00283	0.0167	CbGpPWpGaD
Busulfan—Oesophagitis—Ursodeoxycholic acid—primary biliary cirrhosis	0.00282	0.00542	CcSEcCtD
Busulfan—Oesophagitis—Chenodeoxycholic acid—primary biliary cirrhosis	0.00282	0.00542	CcSEcCtD
Busulfan—Bladder pain—Ursodeoxycholic acid—primary biliary cirrhosis	0.00279	0.00537	CcSEcCtD
Busulfan—Bladder pain—Chenodeoxycholic acid—primary biliary cirrhosis	0.00279	0.00537	CcSEcCtD
Busulfan—Neoplasm—Chenodeoxycholic acid—primary biliary cirrhosis	0.00279	0.00537	CcSEcCtD
Busulfan—Neoplasm—Ursodeoxycholic acid—primary biliary cirrhosis	0.00279	0.00537	CcSEcCtD
Busulfan—Gastrointestinal haemorrhage—Colchicine—primary biliary cirrhosis	0.00249	0.0048	CcSEcCtD
Busulfan—CYP3A4—Codeine and Morphine Metabolism—ABCC2—primary biliary cirrhosis	0.00245	0.0145	CbGpPWpGaD
Busulfan—Atrial fibrillation—Ursodeoxycholic acid—primary biliary cirrhosis	0.00236	0.00455	CcSEcCtD
Busulfan—Atrial fibrillation—Chenodeoxycholic acid—primary biliary cirrhosis	0.00236	0.00455	CcSEcCtD
Busulfan—Renal impairment—Chenodeoxycholic acid—primary biliary cirrhosis	0.00235	0.00453	CcSEcCtD
Busulfan—Renal impairment—Ursodeoxycholic acid—primary biliary cirrhosis	0.00235	0.00453	CcSEcCtD
Busulfan—Blood creatinine increased—Colchicine—primary biliary cirrhosis	0.00233	0.00449	CcSEcCtD
Busulfan—Aspartate aminotransferase increased—Colchicine—primary biliary cirrhosis	0.00224	0.00432	CcSEcCtD
Busulfan—Gastrointestinal haemorrhage—Ursodeoxycholic acid—primary biliary cirrhosis	0.00224	0.00431	CcSEcCtD
Busulfan—Gastrointestinal haemorrhage—Chenodeoxycholic acid—primary biliary cirrhosis	0.00224	0.00431	CcSEcCtD
Busulfan—MGST2—NRF2 pathway—GGT1—primary biliary cirrhosis	0.00222	0.0131	CbGpPWpGaD
Busulfan—Alanine aminotransferase increased—Colchicine—primary biliary cirrhosis	0.0022	0.00423	CcSEcCtD
Busulfan—Blood creatinine increased—Ursodeoxycholic acid—primary biliary cirrhosis	0.0021	0.00404	CcSEcCtD
Busulfan—Blood creatinine increased—Chenodeoxycholic acid—primary biliary cirrhosis	0.0021	0.00404	CcSEcCtD
Busulfan—Pancytopenia—Colchicine—primary biliary cirrhosis	0.00205	0.00394	CcSEcCtD
Busulfan—GSTA2—NRF2 pathway—ABCC2—primary biliary cirrhosis	0.00204	0.0121	CbGpPWpGaD
Busulfan—Aspartate aminotransferase increased—Chenodeoxycholic acid—primary biliary cirrhosis	0.00202	0.00388	CcSEcCtD
Busulfan—Aspartate aminotransferase increased—Ursodeoxycholic acid—primary biliary cirrhosis	0.00202	0.00388	CcSEcCtD
Busulfan—Neutropenia—Colchicine—primary biliary cirrhosis	0.00201	0.00388	CcSEcCtD
Busulfan—GSTM1—NRF2 pathway—ABCC2—primary biliary cirrhosis	0.00199	0.0117	CbGpPWpGaD
Busulfan—Alanine aminotransferase increased—Chenodeoxycholic acid—primary biliary cirrhosis	0.00197	0.0038	CcSEcCtD
Busulfan—Alanine aminotransferase increased—Ursodeoxycholic acid—primary biliary cirrhosis	0.00197	0.0038	CcSEcCtD
Busulfan—MGST2—Biological oxidations—GGT1—primary biliary cirrhosis	0.00195	0.0115	CbGpPWpGaD
Busulfan—Asthma—Chenodeoxycholic acid—primary biliary cirrhosis	0.00194	0.00372	CcSEcCtD
Busulfan—Asthma—Ursodeoxycholic acid—primary biliary cirrhosis	0.00194	0.00372	CcSEcCtD
Busulfan—GSTM1—C-MYB transcription factor network—TAB1—primary biliary cirrhosis	0.00192	0.0113	CbGpPWpGaD
Busulfan—GSTA2—Phase II conjugation—GGT1—primary biliary cirrhosis	0.00191	0.0113	CbGpPWpGaD
Busulfan—Pancreatitis—Ursodeoxycholic acid—primary biliary cirrhosis	0.0019	0.00365	CcSEcCtD
Busulfan—Pancreatitis—Chenodeoxycholic acid—primary biliary cirrhosis	0.0019	0.00365	CcSEcCtD
Busulfan—GSTA1—NRF2 pathway—GGT1—primary biliary cirrhosis	0.00189	0.0111	CbGpPWpGaD
Busulfan—Stomatitis—Colchicine—primary biliary cirrhosis	0.00187	0.0036	CcSEcCtD
Busulfan—CYP3A4—Farnesoid X Receptor  Pathway—ABCB4—primary biliary cirrhosis	0.00186	0.011	CbGpPWpGaD
Busulfan—GSTM1—Phase II conjugation—GGT1—primary biliary cirrhosis	0.00186	0.011	CbGpPWpGaD
Busulfan—Haematuria—Colchicine—primary biliary cirrhosis	0.00183	0.00352	CcSEcCtD
Busulfan—Dysuria—Chenodeoxycholic acid—primary biliary cirrhosis	0.00181	0.00348	CcSEcCtD
Busulfan—Dysuria—Ursodeoxycholic acid—primary biliary cirrhosis	0.00181	0.00348	CcSEcCtD
Busulfan—Agranulocytosis—Colchicine—primary biliary cirrhosis	0.00179	0.00345	CcSEcCtD
Busulfan—Weight increased—Chenodeoxycholic acid—primary biliary cirrhosis	0.00176	0.00339	CcSEcCtD
Busulfan—Weight increased—Ursodeoxycholic acid—primary biliary cirrhosis	0.00176	0.00339	CcSEcCtD
Busulfan—Weight decreased—Chenodeoxycholic acid—primary biliary cirrhosis	0.00175	0.00337	CcSEcCtD
Busulfan—Weight decreased—Ursodeoxycholic acid—primary biliary cirrhosis	0.00175	0.00337	CcSEcCtD
Busulfan—Pneumonia—Chenodeoxycholic acid—primary biliary cirrhosis	0.00174	0.00334	CcSEcCtD
Busulfan—Pneumonia—Ursodeoxycholic acid—primary biliary cirrhosis	0.00174	0.00334	CcSEcCtD
Busulfan—Infestation—Ursodeoxycholic acid—primary biliary cirrhosis	0.00173	0.00332	CcSEcCtD
Busulfan—Infestation—Chenodeoxycholic acid—primary biliary cirrhosis	0.00173	0.00332	CcSEcCtD
Busulfan—Infestation NOS—Ursodeoxycholic acid—primary biliary cirrhosis	0.00173	0.00332	CcSEcCtD
Busulfan—Infestation NOS—Chenodeoxycholic acid—primary biliary cirrhosis	0.00173	0.00332	CcSEcCtD
Busulfan—Depression—Ursodeoxycholic acid—primary biliary cirrhosis	0.00172	0.00331	CcSEcCtD
Busulfan—Depression—Chenodeoxycholic acid—primary biliary cirrhosis	0.00172	0.00331	CcSEcCtD
Busulfan—Renal failure—Ursodeoxycholic acid—primary biliary cirrhosis	0.0017	0.00326	CcSEcCtD
Busulfan—Renal failure—Chenodeoxycholic acid—primary biliary cirrhosis	0.0017	0.00326	CcSEcCtD
Busulfan—GSTP1—NRF2 pathway—ABCC2—primary biliary cirrhosis	0.00169	0.00998	CbGpPWpGaD
Busulfan—Jaundice—Ursodeoxycholic acid—primary biliary cirrhosis	0.00168	0.00324	CcSEcCtD
Busulfan—Jaundice—Chenodeoxycholic acid—primary biliary cirrhosis	0.00168	0.00324	CcSEcCtD
Busulfan—GSTA1—Biological oxidations—GGT1—primary biliary cirrhosis	0.00165	0.00978	CbGpPWpGaD
Busulfan—Haematuria—Ursodeoxycholic acid—primary biliary cirrhosis	0.00165	0.00317	CcSEcCtD
Busulfan—Haematuria—Chenodeoxycholic acid—primary biliary cirrhosis	0.00165	0.00317	CcSEcCtD
Busulfan—Hepatobiliary disease—Chenodeoxycholic acid—primary biliary cirrhosis	0.00163	0.00314	CcSEcCtD
Busulfan—Hepatobiliary disease—Ursodeoxycholic acid—primary biliary cirrhosis	0.00163	0.00314	CcSEcCtD
Busulfan—Epistaxis—Chenodeoxycholic acid—primary biliary cirrhosis	0.00163	0.00313	CcSEcCtD
Busulfan—Epistaxis—Ursodeoxycholic acid—primary biliary cirrhosis	0.00163	0.00313	CcSEcCtD
Busulfan—Sinusitis—Ursodeoxycholic acid—primary biliary cirrhosis	0.00162	0.00312	CcSEcCtD
Busulfan—Sinusitis—Chenodeoxycholic acid—primary biliary cirrhosis	0.00162	0.00312	CcSEcCtD
Busulfan—Eye disorder—Colchicine—primary biliary cirrhosis	0.00161	0.0031	CcSEcCtD
Busulfan—GSTP1—Phase II conjugation—GGT1—primary biliary cirrhosis	0.00158	0.00934	CbGpPWpGaD
Busulfan—CYP3A4—Irinotecan Pathway—ABCC2—primary biliary cirrhosis	0.00156	0.00924	CbGpPWpGaD
Busulfan—Haemoglobin—Ursodeoxycholic acid—primary biliary cirrhosis	0.00156	0.003	CcSEcCtD
Busulfan—Haemoglobin—Chenodeoxycholic acid—primary biliary cirrhosis	0.00156	0.003	CcSEcCtD
Busulfan—Mediastinal disorder—Colchicine—primary biliary cirrhosis	0.00155	0.00299	CcSEcCtD
Busulfan—Rhinitis—Ursodeoxycholic acid—primary biliary cirrhosis	0.00155	0.00299	CcSEcCtD
Busulfan—Rhinitis—Chenodeoxycholic acid—primary biliary cirrhosis	0.00155	0.00299	CcSEcCtD
Busulfan—Haemorrhage—Ursodeoxycholic acid—primary biliary cirrhosis	0.00155	0.00298	CcSEcCtD
Busulfan—Haemorrhage—Chenodeoxycholic acid—primary biliary cirrhosis	0.00155	0.00298	CcSEcCtD
Busulfan—Pharyngitis—Chenodeoxycholic acid—primary biliary cirrhosis	0.00154	0.00296	CcSEcCtD
Busulfan—Pharyngitis—Ursodeoxycholic acid—primary biliary cirrhosis	0.00154	0.00296	CcSEcCtD
Busulfan—Urinary tract disorder—Chenodeoxycholic acid—primary biliary cirrhosis	0.00153	0.00294	CcSEcCtD
Busulfan—Urinary tract disorder—Ursodeoxycholic acid—primary biliary cirrhosis	0.00153	0.00294	CcSEcCtD
Busulfan—Alopecia—Colchicine—primary biliary cirrhosis	0.00152	0.00293	CcSEcCtD
Busulfan—Connective tissue disorder—Ursodeoxycholic acid—primary biliary cirrhosis	0.00152	0.00293	CcSEcCtD
Busulfan—Connective tissue disorder—Chenodeoxycholic acid—primary biliary cirrhosis	0.00152	0.00293	CcSEcCtD
Busulfan—Urethral disorder—Ursodeoxycholic acid—primary biliary cirrhosis	0.00152	0.00292	CcSEcCtD
Busulfan—Urethral disorder—Chenodeoxycholic acid—primary biliary cirrhosis	0.00152	0.00292	CcSEcCtD
Busulfan—Malnutrition—Colchicine—primary biliary cirrhosis	0.0015	0.00289	CcSEcCtD
Busulfan—Eye disorder—Ursodeoxycholic acid—primary biliary cirrhosis	0.00145	0.00279	CcSEcCtD
Busulfan—Eye disorder—Chenodeoxycholic acid—primary biliary cirrhosis	0.00145	0.00279	CcSEcCtD
Busulfan—Cardiac disorder—Ursodeoxycholic acid—primary biliary cirrhosis	0.00144	0.00277	CcSEcCtD
Busulfan—Cardiac disorder—Chenodeoxycholic acid—primary biliary cirrhosis	0.00144	0.00277	CcSEcCtD
Busulfan—Angiopathy—Chenodeoxycholic acid—primary biliary cirrhosis	0.00141	0.0027	CcSEcCtD
Busulfan—Angiopathy—Ursodeoxycholic acid—primary biliary cirrhosis	0.00141	0.0027	CcSEcCtD
Busulfan—Immune system disorder—Ursodeoxycholic acid—primary biliary cirrhosis	0.0014	0.00269	CcSEcCtD
Busulfan—Immune system disorder—Chenodeoxycholic acid—primary biliary cirrhosis	0.0014	0.00269	CcSEcCtD
Busulfan—Mediastinal disorder—Ursodeoxycholic acid—primary biliary cirrhosis	0.0014	0.00269	CcSEcCtD
Busulfan—Mediastinal disorder—Chenodeoxycholic acid—primary biliary cirrhosis	0.0014	0.00269	CcSEcCtD
Busulfan—Chills—Ursodeoxycholic acid—primary biliary cirrhosis	0.00139	0.00267	CcSEcCtD
Busulfan—Chills—Chenodeoxycholic acid—primary biliary cirrhosis	0.00139	0.00267	CcSEcCtD
Busulfan—Anaemia—Colchicine—primary biliary cirrhosis	0.00139	0.00267	CcSEcCtD
Busulfan—Arrhythmia—Ursodeoxycholic acid—primary biliary cirrhosis	0.00138	0.00266	CcSEcCtD
Busulfan—Arrhythmia—Chenodeoxycholic acid—primary biliary cirrhosis	0.00138	0.00266	CcSEcCtD
Busulfan—Alopecia—Ursodeoxycholic acid—primary biliary cirrhosis	0.00137	0.00263	CcSEcCtD
Busulfan—Alopecia—Chenodeoxycholic acid—primary biliary cirrhosis	0.00137	0.00263	CcSEcCtD
Busulfan—Malnutrition—Chenodeoxycholic acid—primary biliary cirrhosis	0.00135	0.00259	CcSEcCtD
Busulfan—Malnutrition—Ursodeoxycholic acid—primary biliary cirrhosis	0.00135	0.00259	CcSEcCtD
Busulfan—Leukopenia—Colchicine—primary biliary cirrhosis	0.00134	0.00259	CcSEcCtD
Busulfan—MGST2—Metabolism—LBR—primary biliary cirrhosis	0.00134	0.00792	CbGpPWpGaD
Busulfan—CYP3A4—Drug Induction of Bile Acid Pathway—ABCC2—primary biliary cirrhosis	0.00134	0.00791	CbGpPWpGaD
Busulfan—CYP3A4—Irinotecan Pathway—ABCG2—primary biliary cirrhosis	0.00133	0.00786	CbGpPWpGaD
Busulfan—Tension—Ursodeoxycholic acid—primary biliary cirrhosis	0.00132	0.00255	CcSEcCtD
Busulfan—Tension—Chenodeoxycholic acid—primary biliary cirrhosis	0.00132	0.00255	CcSEcCtD
Busulfan—Nervousness—Chenodeoxycholic acid—primary biliary cirrhosis	0.00131	0.00252	CcSEcCtD
Busulfan—Nervousness—Ursodeoxycholic acid—primary biliary cirrhosis	0.00131	0.00252	CcSEcCtD
Busulfan—Back pain—Chenodeoxycholic acid—primary biliary cirrhosis	0.0013	0.00251	CcSEcCtD
Busulfan—Back pain—Ursodeoxycholic acid—primary biliary cirrhosis	0.0013	0.00251	CcSEcCtD
Busulfan—CYP3A4—liver—primary biliary cirrhosis	0.00129	0.0115	CbGeAlD
Busulfan—Arthralgia—Colchicine—primary biliary cirrhosis	0.00128	0.00246	CcSEcCtD
Busulfan—Myalgia—Colchicine—primary biliary cirrhosis	0.00128	0.00246	CcSEcCtD
Busulfan—GSTA2—NRF2 pathway—GGT1—primary biliary cirrhosis	0.00127	0.00753	CbGpPWpGaD
Busulfan—Anaemia—Ursodeoxycholic acid—primary biliary cirrhosis	0.00125	0.0024	CcSEcCtD
Busulfan—Anaemia—Chenodeoxycholic acid—primary biliary cirrhosis	0.00125	0.0024	CcSEcCtD
Busulfan—GSTM1—NRF2 pathway—GGT1—primary biliary cirrhosis	0.00124	0.00733	CbGpPWpGaD
Busulfan—Leukopenia—Chenodeoxycholic acid—primary biliary cirrhosis	0.00121	0.00232	CcSEcCtD
Busulfan—Leukopenia—Ursodeoxycholic acid—primary biliary cirrhosis	0.00121	0.00232	CcSEcCtD
Busulfan—Nervous system disorder—Colchicine—primary biliary cirrhosis	0.0012	0.00231	CcSEcCtD
Busulfan—Thrombocytopenia—Colchicine—primary biliary cirrhosis	0.0012	0.00231	CcSEcCtD
Busulfan—Skin disorder—Colchicine—primary biliary cirrhosis	0.00119	0.00229	CcSEcCtD
Busulfan—Cough—Ursodeoxycholic acid—primary biliary cirrhosis	0.00118	0.00226	CcSEcCtD
Busulfan—Cough—Chenodeoxycholic acid—primary biliary cirrhosis	0.00118	0.00226	CcSEcCtD
Busulfan—CYP3A4—Nuclear Receptors in Lipid Metabolism and Toxicity—ABCB4—primary biliary cirrhosis	0.00117	0.00691	CbGpPWpGaD
Busulfan—Convulsion—Ursodeoxycholic acid—primary biliary cirrhosis	0.00117	0.00225	CcSEcCtD
Busulfan—Convulsion—Chenodeoxycholic acid—primary biliary cirrhosis	0.00117	0.00225	CcSEcCtD
Busulfan—Hypertension—Ursodeoxycholic acid—primary biliary cirrhosis	0.00116	0.00224	CcSEcCtD
Busulfan—Hypertension—Chenodeoxycholic acid—primary biliary cirrhosis	0.00116	0.00224	CcSEcCtD
Busulfan—Myalgia—Ursodeoxycholic acid—primary biliary cirrhosis	0.00115	0.00221	CcSEcCtD
Busulfan—Chest pain—Chenodeoxycholic acid—primary biliary cirrhosis	0.00115	0.00221	CcSEcCtD
Busulfan—Arthralgia—Ursodeoxycholic acid—primary biliary cirrhosis	0.00115	0.00221	CcSEcCtD
Busulfan—Myalgia—Chenodeoxycholic acid—primary biliary cirrhosis	0.00115	0.00221	CcSEcCtD
Busulfan—Arthralgia—Chenodeoxycholic acid—primary biliary cirrhosis	0.00115	0.00221	CcSEcCtD
Busulfan—Chest pain—Ursodeoxycholic acid—primary biliary cirrhosis	0.00115	0.00221	CcSEcCtD
Busulfan—Hypotension—Colchicine—primary biliary cirrhosis	0.00114	0.0022	CcSEcCtD
Busulfan—Unspecified disorder of skin and subcutaneous tissue—Ursodeoxycholic acid—primary biliary cirrhosis	0.00114	0.00219	CcSEcCtD
Busulfan—Unspecified disorder of skin and subcutaneous tissue—Chenodeoxycholic acid—primary biliary cirrhosis	0.00114	0.00219	CcSEcCtD
Busulfan—GSTA1—Metabolism—LBR—primary biliary cirrhosis	0.00114	0.00673	CbGpPWpGaD
Busulfan—Dry mouth—Ursodeoxycholic acid—primary biliary cirrhosis	0.00112	0.00216	CcSEcCtD
Busulfan—Dry mouth—Chenodeoxycholic acid—primary biliary cirrhosis	0.00112	0.00216	CcSEcCtD
Busulfan—GSTA2—Biological oxidations—GGT1—primary biliary cirrhosis	0.00112	0.00661	CbGpPWpGaD
Busulfan—Musculoskeletal discomfort—Colchicine—primary biliary cirrhosis	0.00112	0.00215	CcSEcCtD
Busulfan—Confusional state—Chenodeoxycholic acid—primary biliary cirrhosis	0.00111	0.00214	CcSEcCtD
Busulfan—Confusional state—Ursodeoxycholic acid—primary biliary cirrhosis	0.00111	0.00214	CcSEcCtD
Busulfan—Oedema—Chenodeoxycholic acid—primary biliary cirrhosis	0.0011	0.00212	CcSEcCtD
Busulfan—Oedema—Ursodeoxycholic acid—primary biliary cirrhosis	0.0011	0.00212	CcSEcCtD
Busulfan—CYP3A4—Tryptophan metabolism—OGDH—primary biliary cirrhosis	0.0011	0.00648	CbGpPWpGaD
Busulfan—Infection—Ursodeoxycholic acid—primary biliary cirrhosis	0.00109	0.0021	CcSEcCtD
Busulfan—Infection—Chenodeoxycholic acid—primary biliary cirrhosis	0.00109	0.0021	CcSEcCtD
Busulfan—GSTM1—Biological oxidations—GGT1—primary biliary cirrhosis	0.00109	0.00643	CbGpPWpGaD
Busulfan—Nervous system disorder—Ursodeoxycholic acid—primary biliary cirrhosis	0.00108	0.00208	CcSEcCtD
Busulfan—Nervous system disorder—Chenodeoxycholic acid—primary biliary cirrhosis	0.00108	0.00208	CcSEcCtD
Busulfan—Thrombocytopenia—Chenodeoxycholic acid—primary biliary cirrhosis	0.00108	0.00207	CcSEcCtD
Busulfan—Thrombocytopenia—Ursodeoxycholic acid—primary biliary cirrhosis	0.00108	0.00207	CcSEcCtD
Busulfan—Tachycardia—Chenodeoxycholic acid—primary biliary cirrhosis	0.00107	0.00207	CcSEcCtD
Busulfan—Tachycardia—Ursodeoxycholic acid—primary biliary cirrhosis	0.00107	0.00207	CcSEcCtD
Busulfan—Skin disorder—Chenodeoxycholic acid—primary biliary cirrhosis	0.00107	0.00206	CcSEcCtD
Busulfan—Skin disorder—Ursodeoxycholic acid—primary biliary cirrhosis	0.00107	0.00206	CcSEcCtD
Busulfan—Decreased appetite—Colchicine—primary biliary cirrhosis	0.00106	0.00205	CcSEcCtD
Busulfan—Gastrointestinal disorder—Colchicine—primary biliary cirrhosis	0.00106	0.00203	CcSEcCtD
Busulfan—Fatigue—Colchicine—primary biliary cirrhosis	0.00106	0.00203	CcSEcCtD
Busulfan—GSTP1—NRF2 pathway—GGT1—primary biliary cirrhosis	0.00105	0.00623	CbGpPWpGaD
Busulfan—Anorexia—Ursodeoxycholic acid—primary biliary cirrhosis	0.00105	0.00202	CcSEcCtD
Busulfan—Anorexia—Chenodeoxycholic acid—primary biliary cirrhosis	0.00105	0.00202	CcSEcCtD
Busulfan—Hypotension—Chenodeoxycholic acid—primary biliary cirrhosis	0.00103	0.00198	CcSEcCtD
Busulfan—Hypotension—Ursodeoxycholic acid—primary biliary cirrhosis	0.00103	0.00198	CcSEcCtD
Busulfan—Musculoskeletal discomfort—Ursodeoxycholic acid—primary biliary cirrhosis	0.001	0.00193	CcSEcCtD
Busulfan—Musculoskeletal discomfort—Chenodeoxycholic acid—primary biliary cirrhosis	0.001	0.00193	CcSEcCtD
Busulfan—Gastrointestinal pain—Colchicine—primary biliary cirrhosis	0.001	0.00193	CcSEcCtD
Busulfan—Insomnia—Ursodeoxycholic acid—primary biliary cirrhosis	0.000995	0.00192	CcSEcCtD
Busulfan—Insomnia—Chenodeoxycholic acid—primary biliary cirrhosis	0.000995	0.00192	CcSEcCtD
Busulfan—Dyspnoea—Chenodeoxycholic acid—primary biliary cirrhosis	0.000981	0.00189	CcSEcCtD
Busulfan—Dyspnoea—Ursodeoxycholic acid—primary biliary cirrhosis	0.000981	0.00189	CcSEcCtD
Busulfan—Somnolence—Ursodeoxycholic acid—primary biliary cirrhosis	0.000978	0.00188	CcSEcCtD
Busulfan—Somnolence—Chenodeoxycholic acid—primary biliary cirrhosis	0.000978	0.00188	CcSEcCtD
Busulfan—Urticaria—Colchicine—primary biliary cirrhosis	0.000973	0.00187	CcSEcCtD
Busulfan—Dyspepsia—Chenodeoxycholic acid—primary biliary cirrhosis	0.000969	0.00186	CcSEcCtD
Busulfan—Dyspepsia—Ursodeoxycholic acid—primary biliary cirrhosis	0.000969	0.00186	CcSEcCtD
Busulfan—MGST2—Metabolism—OGDH—primary biliary cirrhosis	0.000968	0.00572	CbGpPWpGaD
Busulfan—Abdominal pain—Colchicine—primary biliary cirrhosis	0.000968	0.00186	CcSEcCtD
Busulfan—Decreased appetite—Ursodeoxycholic acid—primary biliary cirrhosis	0.000957	0.00184	CcSEcCtD
Busulfan—Decreased appetite—Chenodeoxycholic acid—primary biliary cirrhosis	0.000957	0.00184	CcSEcCtD
Busulfan—Gastrointestinal disorder—Ursodeoxycholic acid—primary biliary cirrhosis	0.00095	0.00183	CcSEcCtD
Busulfan—Gastrointestinal disorder—Chenodeoxycholic acid—primary biliary cirrhosis	0.00095	0.00183	CcSEcCtD
Busulfan—Fatigue—Chenodeoxycholic acid—primary biliary cirrhosis	0.000949	0.00183	CcSEcCtD
Busulfan—Fatigue—Ursodeoxycholic acid—primary biliary cirrhosis	0.000949	0.00183	CcSEcCtD
Busulfan—Constipation—Chenodeoxycholic acid—primary biliary cirrhosis	0.000941	0.00181	CcSEcCtD
Busulfan—Constipation—Ursodeoxycholic acid—primary biliary cirrhosis	0.000941	0.00181	CcSEcCtD
Busulfan—Pain—Ursodeoxycholic acid—primary biliary cirrhosis	0.000941	0.00181	CcSEcCtD
Busulfan—Pain—Chenodeoxycholic acid—primary biliary cirrhosis	0.000941	0.00181	CcSEcCtD
Busulfan—GSTP1—Biological oxidations—GGT1—primary biliary cirrhosis	0.000925	0.00546	CbGpPWpGaD
Busulfan—Feeling abnormal—Ursodeoxycholic acid—primary biliary cirrhosis	0.000907	0.00175	CcSEcCtD
Busulfan—Feeling abnormal—Chenodeoxycholic acid—primary biliary cirrhosis	0.000907	0.00175	CcSEcCtD
Busulfan—Hypersensitivity—Colchicine—primary biliary cirrhosis	0.000902	0.00174	CcSEcCtD
Busulfan—Gastrointestinal pain—Chenodeoxycholic acid—primary biliary cirrhosis	0.0009	0.00173	CcSEcCtD
Busulfan—Gastrointestinal pain—Ursodeoxycholic acid—primary biliary cirrhosis	0.0009	0.00173	CcSEcCtD
Busulfan—Asthenia—Colchicine—primary biliary cirrhosis	0.000879	0.00169	CcSEcCtD
Busulfan—Urticaria—Ursodeoxycholic acid—primary biliary cirrhosis	0.000874	0.00168	CcSEcCtD
Busulfan—Urticaria—Chenodeoxycholic acid—primary biliary cirrhosis	0.000874	0.00168	CcSEcCtD
Busulfan—Abdominal pain—Ursodeoxycholic acid—primary biliary cirrhosis	0.00087	0.00167	CcSEcCtD
Busulfan—Body temperature increased—Ursodeoxycholic acid—primary biliary cirrhosis	0.00087	0.00167	CcSEcCtD
Busulfan—Abdominal pain—Chenodeoxycholic acid—primary biliary cirrhosis	0.00087	0.00167	CcSEcCtD
Busulfan—Body temperature increased—Chenodeoxycholic acid—primary biliary cirrhosis	0.00087	0.00167	CcSEcCtD
Busulfan—MGST2—Metabolism—PDHX—primary biliary cirrhosis	0.000863	0.0051	CbGpPWpGaD
Busulfan—Diarrhoea—Colchicine—primary biliary cirrhosis	0.000838	0.00161	CcSEcCtD
Busulfan—GSTA1—Metabolism—OGDH—primary biliary cirrhosis	0.000823	0.00487	CbGpPWpGaD
Busulfan—MGST2—Metabolism—ABCB4—primary biliary cirrhosis	0.000812	0.0048	CbGpPWpGaD
Busulfan—MGST2—Metabolism—DLAT—primary biliary cirrhosis	0.000812	0.0048	CbGpPWpGaD
Busulfan—Hypersensitivity—Chenodeoxycholic acid—primary biliary cirrhosis	0.000811	0.00156	CcSEcCtD
Busulfan—Hypersensitivity—Ursodeoxycholic acid—primary biliary cirrhosis	0.000811	0.00156	CcSEcCtD
Busulfan—CYP3A4—Constitutive Androstane Receptor Pathway—ABCC2—primary biliary cirrhosis	0.000807	0.00477	CbGpPWpGaD
Busulfan—Asthenia—Chenodeoxycholic acid—primary biliary cirrhosis	0.00079	0.00152	CcSEcCtD
Busulfan—Asthenia—Ursodeoxycholic acid—primary biliary cirrhosis	0.00079	0.00152	CcSEcCtD
Busulfan—Vomiting—Colchicine—primary biliary cirrhosis	0.000779	0.0015	CcSEcCtD
Busulfan—Pruritus—Chenodeoxycholic acid—primary biliary cirrhosis	0.000779	0.0015	CcSEcCtD
Busulfan—Pruritus—Ursodeoxycholic acid—primary biliary cirrhosis	0.000779	0.0015	CcSEcCtD
Busulfan—Rash—Colchicine—primary biliary cirrhosis	0.000772	0.00149	CcSEcCtD
Busulfan—Dermatitis—Colchicine—primary biliary cirrhosis	0.000772	0.00148	CcSEcCtD
Busulfan—GSTA2—Metabolism—LBR—primary biliary cirrhosis	0.000769	0.00455	CbGpPWpGaD
Busulfan—CYP3A4—Nuclear Receptors in Lipid Metabolism and Toxicity—ABCC2—primary biliary cirrhosis	0.000769	0.00454	CbGpPWpGaD
Busulfan—Headache—Colchicine—primary biliary cirrhosis	0.000767	0.00148	CcSEcCtD
Busulfan—CYP3A4—Aflatoxin activation and detoxification—GGT1—primary biliary cirrhosis	0.000764	0.00452	CbGpPWpGaD
Busulfan—Diarrhoea—Ursodeoxycholic acid—primary biliary cirrhosis	0.000753	0.00145	CcSEcCtD
Busulfan—Diarrhoea—Chenodeoxycholic acid—primary biliary cirrhosis	0.000753	0.00145	CcSEcCtD
Busulfan—GSTM1—Metabolism—LBR—primary biliary cirrhosis	0.000748	0.00442	CbGpPWpGaD
Busulfan—GSTA1—Metabolism—PDHX—primary biliary cirrhosis	0.000734	0.00434	CbGpPWpGaD
Busulfan—Dizziness—Chenodeoxycholic acid—primary biliary cirrhosis	0.000728	0.0014	CcSEcCtD
Busulfan—Dizziness—Ursodeoxycholic acid—primary biliary cirrhosis	0.000728	0.0014	CcSEcCtD
Busulfan—Nausea—Colchicine—primary biliary cirrhosis	0.000728	0.0014	CcSEcCtD
Busulfan—Vomiting—Chenodeoxycholic acid—primary biliary cirrhosis	0.0007	0.00135	CcSEcCtD
Busulfan—Vomiting—Ursodeoxycholic acid—primary biliary cirrhosis	0.0007	0.00135	CcSEcCtD
Busulfan—Rash—Ursodeoxycholic acid—primary biliary cirrhosis	0.000694	0.00134	CcSEcCtD
Busulfan—Rash—Chenodeoxycholic acid—primary biliary cirrhosis	0.000694	0.00134	CcSEcCtD
Busulfan—Dermatitis—Chenodeoxycholic acid—primary biliary cirrhosis	0.000693	0.00133	CcSEcCtD
Busulfan—Dermatitis—Ursodeoxycholic acid—primary biliary cirrhosis	0.000693	0.00133	CcSEcCtD
Busulfan—GSTA1—Metabolism—ABCB4—primary biliary cirrhosis	0.00069	0.00408	CbGpPWpGaD
Busulfan—GSTA1—Metabolism—DLAT—primary biliary cirrhosis	0.00069	0.00408	CbGpPWpGaD
Busulfan—Headache—Chenodeoxycholic acid—primary biliary cirrhosis	0.000689	0.00133	CcSEcCtD
Busulfan—Headache—Ursodeoxycholic acid—primary biliary cirrhosis	0.000689	0.00133	CcSEcCtD
Busulfan—CYP3A4—Farnesoid X Receptor  Pathway—PPARGC1A—primary biliary cirrhosis	0.00068	0.00402	CbGpPWpGaD
Busulfan—Nausea—Chenodeoxycholic acid—primary biliary cirrhosis	0.000654	0.00126	CcSEcCtD
Busulfan—Nausea—Ursodeoxycholic acid—primary biliary cirrhosis	0.000654	0.00126	CcSEcCtD
Busulfan—GSTP1—Metabolism—LBR—primary biliary cirrhosis	0.000636	0.00376	CbGpPWpGaD
Busulfan—GSTA2—Metabolism—OGDH—primary biliary cirrhosis	0.000556	0.00329	CbGpPWpGaD
Busulfan—GSTM1—Metabolism—OGDH—primary biliary cirrhosis	0.000541	0.0032	CbGpPWpGaD
Busulfan—GSTA2—Metabolism—PDHX—primary biliary cirrhosis	0.000496	0.00293	CbGpPWpGaD
Busulfan—MGST2—Metabolism—NUP210—primary biliary cirrhosis	0.000488	0.00288	CbGpPWpGaD
Busulfan—GSTM1—Metabolism—PDHX—primary biliary cirrhosis	0.000482	0.00285	CbGpPWpGaD
Busulfan—GSTA2—Metabolism—ABCB4—primary biliary cirrhosis	0.000466	0.00275	CbGpPWpGaD
Busulfan—GSTA2—Metabolism—DLAT—primary biliary cirrhosis	0.000466	0.00275	CbGpPWpGaD
Busulfan—GSTP1—Metabolism—OGDH—primary biliary cirrhosis	0.00046	0.00272	CbGpPWpGaD
Busulfan—GSTP1—Cellular responses to stress—HIF1A—primary biliary cirrhosis	0.000457	0.0027	CbGpPWpGaD
Busulfan—MGST2—Metabolism—ABCG2—primary biliary cirrhosis	0.000453	0.00268	CbGpPWpGaD
Busulfan—GSTM1—Metabolism—DLAT—primary biliary cirrhosis	0.000453	0.00268	CbGpPWpGaD
Busulfan—GSTM1—Metabolism—ABCB4—primary biliary cirrhosis	0.000453	0.00268	CbGpPWpGaD
Busulfan—CYP3A4—Constitutive Androstane Receptor Pathway—PPARGC1A—primary biliary cirrhosis	0.000448	0.00265	CbGpPWpGaD
Busulfan—GSTA1—Metabolism—NUP210—primary biliary cirrhosis	0.000415	0.00245	CbGpPWpGaD
Busulfan—GSTP1—Metabolism—PDHX—primary biliary cirrhosis	0.00041	0.00242	CbGpPWpGaD
Busulfan—MGST2—Metabolism—CTGF—primary biliary cirrhosis	0.000389	0.0023	CbGpPWpGaD
Busulfan—GSTA1—Metabolism—ABCG2—primary biliary cirrhosis	0.000386	0.00228	CbGpPWpGaD
Busulfan—GSTP1—Metabolism—ABCB4—primary biliary cirrhosis	0.000386	0.00228	CbGpPWpGaD
Busulfan—MGST2—Metabolism—GOT2—primary biliary cirrhosis	0.000386	0.00228	CbGpPWpGaD
Busulfan—GSTP1—Metabolism—DLAT—primary biliary cirrhosis	0.000386	0.00228	CbGpPWpGaD
Busulfan—MGST2—Metabolism—GGT1—primary biliary cirrhosis	0.000333	0.00197	CbGpPWpGaD
Busulfan—MGST2—Metabolism—GOT1—primary biliary cirrhosis	0.000333	0.00197	CbGpPWpGaD
Busulfan—GSTA1—Metabolism—CTGF—primary biliary cirrhosis	0.000331	0.00195	CbGpPWpGaD
Busulfan—GSTA1—Metabolism—GOT2—primary biliary cirrhosis	0.000328	0.00194	CbGpPWpGaD
Busulfan—MGST2—Metabolism—PPARGC1A—primary biliary cirrhosis	0.000296	0.00175	CbGpPWpGaD
Busulfan—GSTA1—Metabolism—GOT1—primary biliary cirrhosis	0.000283	0.00167	CbGpPWpGaD
Busulfan—GSTA1—Metabolism—GGT1—primary biliary cirrhosis	0.000283	0.00167	CbGpPWpGaD
Busulfan—GSTA2—Metabolism—NUP210—primary biliary cirrhosis	0.00028	0.00166	CbGpPWpGaD
Busulfan—GSTM1—Metabolism—NUP210—primary biliary cirrhosis	0.000273	0.00161	CbGpPWpGaD
Busulfan—GSTP1—Cellular responses to stress—NFKB1—primary biliary cirrhosis	0.000265	0.00157	CbGpPWpGaD
Busulfan—GSTA2—Metabolism—ABCG2—primary biliary cirrhosis	0.00026	0.00154	CbGpPWpGaD
Busulfan—GSTM1—Metabolism—ABCG2—primary biliary cirrhosis	0.000253	0.0015	CbGpPWpGaD
Busulfan—GSTA1—Metabolism—PPARGC1A—primary biliary cirrhosis	0.000252	0.00149	CbGpPWpGaD
Busulfan—GSTP1—Metabolism—NUP210—primary biliary cirrhosis	0.000232	0.00137	CbGpPWpGaD
Busulfan—MGST2—Metabolism—AGT—primary biliary cirrhosis	0.000231	0.00136	CbGpPWpGaD
Busulfan—GSTA2—Metabolism—CTGF—primary biliary cirrhosis	0.000223	0.00132	CbGpPWpGaD
Busulfan—GSTA2—Metabolism—GOT2—primary biliary cirrhosis	0.000221	0.00131	CbGpPWpGaD
Busulfan—GSTM1—Metabolism—CTGF—primary biliary cirrhosis	0.000217	0.00128	CbGpPWpGaD
Busulfan—GSTP1—Metabolism—ABCG2—primary biliary cirrhosis	0.000215	0.00127	CbGpPWpGaD
Busulfan—GSTM1—Metabolism—GOT2—primary biliary cirrhosis	0.000215	0.00127	CbGpPWpGaD
Busulfan—GSTA1—Metabolism—AGT—primary biliary cirrhosis	0.000196	0.00116	CbGpPWpGaD
Busulfan—GSTA2—Metabolism—GGT1—primary biliary cirrhosis	0.000191	0.00113	CbGpPWpGaD
Busulfan—GSTA2—Metabolism—GOT1—primary biliary cirrhosis	0.000191	0.00113	CbGpPWpGaD
Busulfan—GSTM1—Metabolism—GOT1—primary biliary cirrhosis	0.000186	0.0011	CbGpPWpGaD
Busulfan—GSTM1—Metabolism—GGT1—primary biliary cirrhosis	0.000186	0.0011	CbGpPWpGaD
Busulfan—GSTP1—Metabolism—CTGF—primary biliary cirrhosis	0.000185	0.00109	CbGpPWpGaD
Busulfan—GSTP1—Metabolism—GOT2—primary biliary cirrhosis	0.000183	0.00108	CbGpPWpGaD
Busulfan—MGST2—Metabolism—ALB—primary biliary cirrhosis	0.000177	0.00105	CbGpPWpGaD
Busulfan—GSTA2—Metabolism—PPARGC1A—primary biliary cirrhosis	0.00017	0.00101	CbGpPWpGaD
Busulfan—GSTM1—Metabolism—PPARGC1A—primary biliary cirrhosis	0.000165	0.000978	CbGpPWpGaD
Busulfan—GSTP1—Metabolism—GOT1—primary biliary cirrhosis	0.000158	0.000934	CbGpPWpGaD
Busulfan—GSTP1—Metabolism—GGT1—primary biliary cirrhosis	0.000158	0.000934	CbGpPWpGaD
Busulfan—GSTA1—Metabolism—ALB—primary biliary cirrhosis	0.000151	0.00089	CbGpPWpGaD
Busulfan—GSTP1—Metabolism—PPARGC1A—primary biliary cirrhosis	0.000141	0.000832	CbGpPWpGaD
Busulfan—GSTA2—Metabolism—AGT—primary biliary cirrhosis	0.000132	0.000783	CbGpPWpGaD
Busulfan—CYP3A4—Biological oxidations—GGT1—primary biliary cirrhosis	0.000131	0.000775	CbGpPWpGaD
Busulfan—GSTM1—Metabolism—AGT—primary biliary cirrhosis	0.000129	0.000762	CbGpPWpGaD
Busulfan—GSTP1—Metabolism—AGT—primary biliary cirrhosis	0.00011	0.000648	CbGpPWpGaD
Busulfan—GSTA2—Metabolism—ALB—primary biliary cirrhosis	0.000102	0.000601	CbGpPWpGaD
Busulfan—GSTM1—Metabolism—ALB—primary biliary cirrhosis	9.89e-05	0.000585	CbGpPWpGaD
Busulfan—CYP3A4—Metabolism—LBR—primary biliary cirrhosis	9.03e-05	0.000534	CbGpPWpGaD
Busulfan—GSTP1—Metabolism—ALB—primary biliary cirrhosis	8.41e-05	0.000497	CbGpPWpGaD
Busulfan—CYP3A4—Metabolism—OGDH—primary biliary cirrhosis	6.53e-05	0.000386	CbGpPWpGaD
Busulfan—CYP3A4—Metabolism—PDHX—primary biliary cirrhosis	5.82e-05	0.000344	CbGpPWpGaD
Busulfan—CYP3A4—Metabolism—ABCB4—primary biliary cirrhosis	5.47e-05	0.000323	CbGpPWpGaD
Busulfan—CYP3A4—Metabolism—DLAT—primary biliary cirrhosis	5.47e-05	0.000323	CbGpPWpGaD
Busulfan—CYP3A4—Metabolism—NUP210—primary biliary cirrhosis	3.29e-05	0.000194	CbGpPWpGaD
Busulfan—CYP3A4—Metabolism—ABCG2—primary biliary cirrhosis	3.06e-05	0.000181	CbGpPWpGaD
Busulfan—CYP3A4—Metabolism—CTGF—primary biliary cirrhosis	2.62e-05	0.000155	CbGpPWpGaD
Busulfan—CYP3A4—Metabolism—GOT2—primary biliary cirrhosis	2.6e-05	0.000154	CbGpPWpGaD
Busulfan—CYP3A4—Metabolism—GGT1—primary biliary cirrhosis	2.24e-05	0.000133	CbGpPWpGaD
Busulfan—CYP3A4—Metabolism—GOT1—primary biliary cirrhosis	2.24e-05	0.000133	CbGpPWpGaD
Busulfan—CYP3A4—Metabolism—PPARGC1A—primary biliary cirrhosis	2e-05	0.000118	CbGpPWpGaD
Busulfan—CYP3A4—Metabolism—AGT—primary biliary cirrhosis	1.55e-05	9.19e-05	CbGpPWpGaD
Busulfan—CYP3A4—Metabolism—ALB—primary biliary cirrhosis	1.19e-05	7.05e-05	CbGpPWpGaD
