nodes	percent_of_prediction	percent_of_DWPC	metapath
Trichlormethiazide—SLC12A3—nephron—IgA glomerulonephritis	0.0908	0.193	CbGeAlD
Trichlormethiazide—SLC12A1—nephron—IgA glomerulonephritis	0.0693	0.147	CbGeAlD
Trichlormethiazide—SLC12A1—urine—IgA glomerulonephritis	0.0556	0.118	CbGeAlD
Trichlormethiazide—SLC12A3—nephron tubule—IgA glomerulonephritis	0.0196	0.0416	CbGeAlD
Trichlormethiazide—CA7—kidney—IgA glomerulonephritis	0.0176	0.0373	CbGeAlD
Trichlormethiazide—SLC12A3—kidney—IgA glomerulonephritis	0.0172	0.0365	CbGeAlD
Trichlormethiazide—SLC12A3—cortex of kidney—IgA glomerulonephritis	0.0168	0.0356	CbGeAlD
Trichlormethiazide—SLC12A1—nephron tubule—IgA glomerulonephritis	0.015	0.0317	CbGeAlD
Trichlormethiazide—TPMT—nephron tubule—IgA glomerulonephritis	0.0146	0.0309	CbGeAlD
Trichlormethiazide—SLC12A1—kidney—IgA glomerulonephritis	0.0132	0.0279	CbGeAlD
Trichlormethiazide—SLC12A1—cortex of kidney—IgA glomerulonephritis	0.0128	0.0272	CbGeAlD
Trichlormethiazide—TPMT—kidney—IgA glomerulonephritis	0.0128	0.0271	CbGeAlD
Trichlormethiazide—TPMT—cortex of kidney—IgA glomerulonephritis	0.0125	0.0264	CbGeAlD
Trichlormethiazide—CA12—kidney—IgA glomerulonephritis	0.0114	0.0242	CbGeAlD
Trichlormethiazide—CA1—kidney—IgA glomerulonephritis	0.00905	0.0192	CbGeAlD
Trichlormethiazide—ATP1A1—nephron tubule—IgA glomerulonephritis	0.00871	0.0185	CbGeAlD
Trichlormethiazide—CA4—nephron tubule—IgA glomerulonephritis	0.00805	0.0171	CbGeAlD
Trichlormethiazide—CA1—lymphoid tissue—IgA glomerulonephritis	0.00777	0.0165	CbGeAlD
Trichlormethiazide—ATP1A1—kidney—IgA glomerulonephritis	0.00766	0.0162	CbGeAlD
Trichlormethiazide—ATP1A1—cortex of kidney—IgA glomerulonephritis	0.00746	0.0158	CbGeAlD
Trichlormethiazide—CA4—kidney—IgA glomerulonephritis	0.00708	0.015	CbGeAlD
Trichlormethiazide—CA4—cortex of kidney—IgA glomerulonephritis	0.00689	0.0146	CbGeAlD
Trichlormethiazide—CA2—nephron tubule—IgA glomerulonephritis	0.00668	0.0142	CbGeAlD
Trichlormethiazide—ATP1A1—lymphoid tissue—IgA glomerulonephritis	0.00658	0.0139	CbGeAlD
Trichlormethiazide—CA2—kidney—IgA glomerulonephritis	0.00587	0.0124	CbGeAlD
Trichlormethiazide—CA2—cortex of kidney—IgA glomerulonephritis	0.00571	0.0121	CbGeAlD
Trichlormethiazide—CA2—lymphoid tissue—IgA glomerulonephritis	0.00504	0.0107	CbGeAlD
Trichlormethiazide—CA12—Metabolism—GNS—IgA glomerulonephritis	0.000388	0.000735	CbGpPWpGaD
Trichlormethiazide—CA5A—Metabolism—ACSL1—IgA glomerulonephritis	0.000388	0.000734	CbGpPWpGaD
Trichlormethiazide—TPMT—Metabolism—HMMR—IgA glomerulonephritis	0.000382	0.000723	CbGpPWpGaD
Trichlormethiazide—TPMT—Metabolism—UCP2—IgA glomerulonephritis	0.000382	0.000723	CbGpPWpGaD
Trichlormethiazide—CA2—Metabolism—GGCT—IgA glomerulonephritis	0.000376	0.000711	CbGpPWpGaD
Trichlormethiazide—CA2—Metabolism—UGCG—IgA glomerulonephritis	0.000376	0.000711	CbGpPWpGaD
Trichlormethiazide—CA2—Metabolism—MARCKS—IgA glomerulonephritis	0.000376	0.000711	CbGpPWpGaD
Trichlormethiazide—CA2—Metabolism—GLIPR1—IgA glomerulonephritis	0.000376	0.000711	CbGpPWpGaD
Trichlormethiazide—CA5B—Metabolism—UCP2—IgA glomerulonephritis	0.000374	0.000707	CbGpPWpGaD
Trichlormethiazide—CA7—Metabolism—HMMR—IgA glomerulonephritis	0.000374	0.000707	CbGpPWpGaD
Trichlormethiazide—CA7—Metabolism—UCP2—IgA glomerulonephritis	0.000374	0.000707	CbGpPWpGaD
Trichlormethiazide—CA5B—Metabolism—HMMR—IgA glomerulonephritis	0.000374	0.000707	CbGpPWpGaD
Trichlormethiazide—CA12—Metabolism—IQGAP1—IgA glomerulonephritis	0.000372	0.000705	CbGpPWpGaD
Trichlormethiazide—TPMT—Metabolism—ACSL1—IgA glomerulonephritis	0.00037	0.0007	CbGpPWpGaD
Trichlormethiazide—CA5A—Metabolism—TBL1XR1—IgA glomerulonephritis	0.000366	0.000693	CbGpPWpGaD
Trichlormethiazide—CA5A—Metabolism—SEC23A—IgA glomerulonephritis	0.000366	0.000693	CbGpPWpGaD
Trichlormethiazide—CA9—Metabolism—MAT2A—IgA glomerulonephritis	0.000365	0.000691	CbGpPWpGaD
Trichlormethiazide—CA9—Metabolism—CHST2—IgA glomerulonephritis	0.000365	0.000691	CbGpPWpGaD
Trichlormethiazide—CA12—Metabolism—HPSE—IgA glomerulonephritis	0.000365	0.000691	CbGpPWpGaD
Trichlormethiazide—CA4—Metabolism—GBE1—IgA glomerulonephritis	0.000364	0.000689	CbGpPWpGaD
Trichlormethiazide—CA4—Metabolism—AGPS—IgA glomerulonephritis	0.000364	0.000689	CbGpPWpGaD
Trichlormethiazide—CA4—Metabolism—PDHX—IgA glomerulonephritis	0.000364	0.000689	CbGpPWpGaD
Trichlormethiazide—CA4—Metabolism—MTRR—IgA glomerulonephritis	0.000364	0.000689	CbGpPWpGaD
Trichlormethiazide—SLC12A3—SLC-mediated transmembrane transport—ALB—IgA glomerulonephritis	0.000364	0.000689	CbGpPWpGaD
Trichlormethiazide—CA5B—Metabolism—ACSL1—IgA glomerulonephritis	0.000362	0.000685	CbGpPWpGaD
Trichlormethiazide—CA7—Metabolism—ACSL1—IgA glomerulonephritis	0.000362	0.000685	CbGpPWpGaD
Trichlormethiazide—CA1—Metabolism—GGCT—IgA glomerulonephritis	0.00036	0.000682	CbGpPWpGaD
Trichlormethiazide—CA1—Metabolism—UGCG—IgA glomerulonephritis	0.00036	0.000682	CbGpPWpGaD
Trichlormethiazide—CA1—Metabolism—MARCKS—IgA glomerulonephritis	0.00036	0.000682	CbGpPWpGaD
Trichlormethiazide—CA1—Metabolism—GLIPR1—IgA glomerulonephritis	0.00036	0.000682	CbGpPWpGaD
Trichlormethiazide—CA5A—Metabolism—ALOX5AP—IgA glomerulonephritis	0.000357	0.000675	CbGpPWpGaD
Trichlormethiazide—CA4—Metabolism—HEXB—IgA glomerulonephritis	0.000353	0.000668	CbGpPWpGaD
Trichlormethiazide—CA4—Metabolism—PSAP—IgA glomerulonephritis	0.000353	0.000668	CbGpPWpGaD
Trichlormethiazide—TPMT—Metabolism—SEC23A—IgA glomerulonephritis	0.000349	0.000661	CbGpPWpGaD
Trichlormethiazide—TPMT—Metabolism—TBL1XR1—IgA glomerulonephritis	0.000349	0.000661	CbGpPWpGaD
Trichlormethiazide—CA2—Metabolism—MTRR—IgA glomerulonephritis	0.000349	0.000661	CbGpPWpGaD
Trichlormethiazide—CA2—Metabolism—GBE1—IgA glomerulonephritis	0.000349	0.000661	CbGpPWpGaD
Trichlormethiazide—CA2—Metabolism—AGPS—IgA glomerulonephritis	0.000349	0.000661	CbGpPWpGaD
Trichlormethiazide—CA2—Metabolism—PDHX—IgA glomerulonephritis	0.000349	0.000661	CbGpPWpGaD
Trichlormethiazide—CA9—Metabolism—ELOVL6—IgA glomerulonephritis	0.000346	0.000655	CbGpPWpGaD
Trichlormethiazide—CA9—Metabolism—DEGS1—IgA glomerulonephritis	0.000346	0.000655	CbGpPWpGaD
Trichlormethiazide—CA9—Metabolism—IMPA1—IgA glomerulonephritis	0.000346	0.000655	CbGpPWpGaD
Trichlormethiazide—CA12—Metabolism—HMMR—IgA glomerulonephritis	0.000346	0.000655	CbGpPWpGaD
Trichlormethiazide—CA12—Metabolism—UCP2—IgA glomerulonephritis	0.000346	0.000655	CbGpPWpGaD
Trichlormethiazide—CA4—Metabolism—TNFRSF21—IgA glomerulonephritis	0.000342	0.000648	CbGpPWpGaD
Trichlormethiazide—CA4—Metabolism—SAT1—IgA glomerulonephritis	0.000342	0.000648	CbGpPWpGaD
Trichlormethiazide—CA5B—Metabolism—TBL1XR1—IgA glomerulonephritis	0.000342	0.000647	CbGpPWpGaD
Trichlormethiazide—CA7—Metabolism—SEC23A—IgA glomerulonephritis	0.000342	0.000647	CbGpPWpGaD
Trichlormethiazide—CA7—Metabolism—TBL1XR1—IgA glomerulonephritis	0.000342	0.000647	CbGpPWpGaD
Trichlormethiazide—CA5B—Metabolism—SEC23A—IgA glomerulonephritis	0.000342	0.000647	CbGpPWpGaD
Trichlormethiazide—TPMT—Metabolism—ALOX5AP—IgA glomerulonephritis	0.00034	0.000644	CbGpPWpGaD
Trichlormethiazide—SLC12A1—Transmembrane transport of small molecules—HMOX1—IgA glomerulonephritis	0.000339	0.000642	CbGpPWpGaD
Trichlormethiazide—CA2—Metabolism—HEXB—IgA glomerulonephritis	0.000338	0.00064	CbGpPWpGaD
Trichlormethiazide—CA2—Metabolism—PSAP—IgA glomerulonephritis	0.000338	0.00064	CbGpPWpGaD
Trichlormethiazide—CA12—Metabolism—ACSL1—IgA glomerulonephritis	0.000335	0.000635	CbGpPWpGaD
Trichlormethiazide—CA1—Metabolism—AGPS—IgA glomerulonephritis	0.000335	0.000634	CbGpPWpGaD
Trichlormethiazide—CA1—Metabolism—PDHX—IgA glomerulonephritis	0.000335	0.000634	CbGpPWpGaD
Trichlormethiazide—CA1—Metabolism—GBE1—IgA glomerulonephritis	0.000335	0.000634	CbGpPWpGaD
Trichlormethiazide—CA1—Metabolism—MTRR—IgA glomerulonephritis	0.000335	0.000634	CbGpPWpGaD
Trichlormethiazide—CA4—Metabolism—MTMR3—IgA glomerulonephritis	0.000333	0.000631	CbGpPWpGaD
Trichlormethiazide—CA7—Metabolism—ALOX5AP—IgA glomerulonephritis	0.000333	0.00063	CbGpPWpGaD
Trichlormethiazide—CA5B—Metabolism—ALOX5AP—IgA glomerulonephritis	0.000333	0.00063	CbGpPWpGaD
Trichlormethiazide—CA2—Metabolism—TNFRSF21—IgA glomerulonephritis	0.000328	0.000621	CbGpPWpGaD
Trichlormethiazide—CA2—Metabolism—SAT1—IgA glomerulonephritis	0.000328	0.000621	CbGpPWpGaD
Trichlormethiazide—CA1—Metabolism—HEXB—IgA glomerulonephritis	0.000324	0.000614	CbGpPWpGaD
Trichlormethiazide—CA1—Metabolism—PSAP—IgA glomerulonephritis	0.000324	0.000614	CbGpPWpGaD
Trichlormethiazide—CA2—Metabolism—MTMR3—IgA glomerulonephritis	0.000319	0.000605	CbGpPWpGaD
Trichlormethiazide—CA9—Metabolism—GLIPR1—IgA glomerulonephritis	0.000317	0.000599	CbGpPWpGaD
Trichlormethiazide—CA9—Metabolism—UGCG—IgA glomerulonephritis	0.000317	0.000599	CbGpPWpGaD
Trichlormethiazide—CA9—Metabolism—GGCT—IgA glomerulonephritis	0.000317	0.000599	CbGpPWpGaD
Trichlormethiazide—CA9—Metabolism—MARCKS—IgA glomerulonephritis	0.000317	0.000599	CbGpPWpGaD
Trichlormethiazide—CA12—Metabolism—SEC23A—IgA glomerulonephritis	0.000317	0.000599	CbGpPWpGaD
Trichlormethiazide—CA12—Metabolism—TBL1XR1—IgA glomerulonephritis	0.000317	0.000599	CbGpPWpGaD
Trichlormethiazide—CA1—Metabolism—SAT1—IgA glomerulonephritis	0.000315	0.000596	CbGpPWpGaD
Trichlormethiazide—CA1—Metabolism—TNFRSF21—IgA glomerulonephritis	0.000315	0.000596	CbGpPWpGaD
Trichlormethiazide—CA4—Metabolism—CCNC—IgA glomerulonephritis	0.00031	0.000586	CbGpPWpGaD
Trichlormethiazide—CA4—Metabolism—GNS—IgA glomerulonephritis	0.00031	0.000586	CbGpPWpGaD
Trichlormethiazide—CA12—Metabolism—ALOX5AP—IgA glomerulonephritis	0.000308	0.000584	CbGpPWpGaD
Trichlormethiazide—SLC12A3—Transmembrane transport of small molecules—HMOX1—IgA glomerulonephritis	0.000308	0.000583	CbGpPWpGaD
Trichlormethiazide—ATP1A1—Transmembrane transport of small molecules—HMOX1—IgA glomerulonephritis	0.000308	0.000583	CbGpPWpGaD
Trichlormethiazide—CA1—Metabolism—MTMR3—IgA glomerulonephritis	0.000306	0.00058	CbGpPWpGaD
Trichlormethiazide—CA2—Metabolism—GNS—IgA glomerulonephritis	0.000297	0.000562	CbGpPWpGaD
Trichlormethiazide—CA4—Metabolism—IQGAP1—IgA glomerulonephritis	0.000297	0.000562	CbGpPWpGaD
Trichlormethiazide—CA2—Metabolism—CCNC—IgA glomerulonephritis	0.000297	0.000562	CbGpPWpGaD
Trichlormethiazide—CA9—Metabolism—AGPS—IgA glomerulonephritis	0.000294	0.000557	CbGpPWpGaD
Trichlormethiazide—CA9—Metabolism—GBE1—IgA glomerulonephritis	0.000294	0.000557	CbGpPWpGaD
Trichlormethiazide—CA9—Metabolism—PDHX—IgA glomerulonephritis	0.000294	0.000557	CbGpPWpGaD
Trichlormethiazide—CA9—Metabolism—MTRR—IgA glomerulonephritis	0.000294	0.000557	CbGpPWpGaD
Trichlormethiazide—CA5A—Metabolism—RRM2—IgA glomerulonephritis	0.000294	0.000556	CbGpPWpGaD
Trichlormethiazide—CA5A—Metabolism—GNG12—IgA glomerulonephritis	0.000294	0.000556	CbGpPWpGaD
Trichlormethiazide—CA4—Metabolism—HPSE—IgA glomerulonephritis	0.000291	0.000551	CbGpPWpGaD
Trichlormethiazide—CA9—Metabolism—PSAP—IgA glomerulonephritis	0.000285	0.00054	CbGpPWpGaD
Trichlormethiazide—CA9—Metabolism—HEXB—IgA glomerulonephritis	0.000285	0.00054	CbGpPWpGaD
Trichlormethiazide—CA1—Metabolism—GNS—IgA glomerulonephritis	0.000285	0.000539	CbGpPWpGaD
Trichlormethiazide—CA2—Metabolism—IQGAP1—IgA glomerulonephritis	0.000285	0.000539	CbGpPWpGaD
Trichlormethiazide—CA1—Metabolism—CCNC—IgA glomerulonephritis	0.000285	0.000539	CbGpPWpGaD
Trichlormethiazide—TPMT—Metabolism—RRM2—IgA glomerulonephritis	0.00028	0.00053	CbGpPWpGaD
Trichlormethiazide—TPMT—Metabolism—GNG12—IgA glomerulonephritis	0.00028	0.00053	CbGpPWpGaD
Trichlormethiazide—CA2—Metabolism—HPSE—IgA glomerulonephritis	0.000279	0.000528	CbGpPWpGaD
Trichlormethiazide—CA9—Metabolism—SAT1—IgA glomerulonephritis	0.000277	0.000524	CbGpPWpGaD
Trichlormethiazide—CA9—Metabolism—TNFRSF21—IgA glomerulonephritis	0.000277	0.000524	CbGpPWpGaD
Trichlormethiazide—CA4—Metabolism—HMMR—IgA glomerulonephritis	0.000276	0.000522	CbGpPWpGaD
Trichlormethiazide—CA4—Metabolism—UCP2—IgA glomerulonephritis	0.000276	0.000522	CbGpPWpGaD
Trichlormethiazide—CA7—Metabolism—GNG12—IgA glomerulonephritis	0.000274	0.000519	CbGpPWpGaD
Trichlormethiazide—CA5B—Metabolism—GNG12—IgA glomerulonephritis	0.000274	0.000519	CbGpPWpGaD
Trichlormethiazide—CA7—Metabolism—RRM2—IgA glomerulonephritis	0.000274	0.000519	CbGpPWpGaD
Trichlormethiazide—CA5B—Metabolism—RRM2—IgA glomerulonephritis	0.000274	0.000519	CbGpPWpGaD
Trichlormethiazide—CA1—Metabolism—IQGAP1—IgA glomerulonephritis	0.000273	0.000517	CbGpPWpGaD
Trichlormethiazide—CA5A—Metabolism—NAMPT—IgA glomerulonephritis	0.000272	0.000515	CbGpPWpGaD
Trichlormethiazide—CA9—Metabolism—MTMR3—IgA glomerulonephritis	0.000269	0.00051	CbGpPWpGaD
Trichlormethiazide—CA1—Metabolism—HPSE—IgA glomerulonephritis	0.000268	0.000507	CbGpPWpGaD
Trichlormethiazide—CA4—Metabolism—ACSL1—IgA glomerulonephritis	0.000267	0.000506	CbGpPWpGaD
Trichlormethiazide—CA9—Cellular responses to stress—RB1—IgA glomerulonephritis	0.000267	0.000505	CbGpPWpGaD
Trichlormethiazide—CA2—Metabolism—HMMR—IgA glomerulonephritis	0.000265	0.000501	CbGpPWpGaD
Trichlormethiazide—CA2—Metabolism—UCP2—IgA glomerulonephritis	0.000265	0.000501	CbGpPWpGaD
Trichlormethiazide—TPMT—Metabolism—NAMPT—IgA glomerulonephritis	0.000259	0.000491	CbGpPWpGaD
Trichlormethiazide—CA2—Metabolism—ACSL1—IgA glomerulonephritis	0.000256	0.000485	CbGpPWpGaD
Trichlormethiazide—CA12—Metabolism—RRM2—IgA glomerulonephritis	0.000254	0.000481	CbGpPWpGaD
Trichlormethiazide—CA12—Metabolism—GNG12—IgA glomerulonephritis	0.000254	0.000481	CbGpPWpGaD
Trichlormethiazide—CA7—Metabolism—NAMPT—IgA glomerulonephritis	0.000254	0.000481	CbGpPWpGaD
Trichlormethiazide—CA5B—Metabolism—NAMPT—IgA glomerulonephritis	0.000254	0.000481	CbGpPWpGaD
Trichlormethiazide—CA1—Metabolism—HMMR—IgA glomerulonephritis	0.000254	0.00048	CbGpPWpGaD
Trichlormethiazide—CA1—Metabolism—UCP2—IgA glomerulonephritis	0.000254	0.00048	CbGpPWpGaD
Trichlormethiazide—CA4—Metabolism—TBL1XR1—IgA glomerulonephritis	0.000252	0.000478	CbGpPWpGaD
Trichlormethiazide—CA4—Metabolism—SEC23A—IgA glomerulonephritis	0.000252	0.000478	CbGpPWpGaD
Trichlormethiazide—CA9—Metabolism—CCNC—IgA glomerulonephritis	0.00025	0.000474	CbGpPWpGaD
Trichlormethiazide—CA9—Metabolism—GNS—IgA glomerulonephritis	0.00025	0.000474	CbGpPWpGaD
Trichlormethiazide—CA4—Metabolism—ALOX5AP—IgA glomerulonephritis	0.000246	0.000466	CbGpPWpGaD
Trichlormethiazide—CA1—Metabolism—ACSL1—IgA glomerulonephritis	0.000246	0.000465	CbGpPWpGaD
Trichlormethiazide—CA5A—Metabolism—PSME3—IgA glomerulonephritis	0.000244	0.000461	CbGpPWpGaD
Trichlormethiazide—CA2—Metabolism—TBL1XR1—IgA glomerulonephritis	0.000242	0.000458	CbGpPWpGaD
Trichlormethiazide—CA2—Metabolism—SEC23A—IgA glomerulonephritis	0.000242	0.000458	CbGpPWpGaD
Trichlormethiazide—CA9—Metabolism—IQGAP1—IgA glomerulonephritis	0.00024	0.000454	CbGpPWpGaD
Trichlormethiazide—CA2—Metabolism—ALOX5AP—IgA glomerulonephritis	0.000236	0.000446	CbGpPWpGaD
Trichlormethiazide—CA9—Metabolism—HPSE—IgA glomerulonephritis	0.000235	0.000445	CbGpPWpGaD
Trichlormethiazide—CA12—Metabolism—NAMPT—IgA glomerulonephritis	0.000235	0.000445	CbGpPWpGaD
Trichlormethiazide—TPMT—Metabolism—PSME3—IgA glomerulonephritis	0.000232	0.00044	CbGpPWpGaD
Trichlormethiazide—CA1—Metabolism—SEC23A—IgA glomerulonephritis	0.000232	0.000439	CbGpPWpGaD
Trichlormethiazide—CA1—Metabolism—TBL1XR1—IgA glomerulonephritis	0.000232	0.000439	CbGpPWpGaD
Trichlormethiazide—CA7—Metabolism—PSME3—IgA glomerulonephritis	0.000227	0.000431	CbGpPWpGaD
Trichlormethiazide—CA5B—Metabolism—PSME3—IgA glomerulonephritis	0.000227	0.000431	CbGpPWpGaD
Trichlormethiazide—CA1—Metabolism—ALOX5AP—IgA glomerulonephritis	0.000226	0.000428	CbGpPWpGaD
Trichlormethiazide—CA9—Metabolism—HMMR—IgA glomerulonephritis	0.000223	0.000422	CbGpPWpGaD
Trichlormethiazide—CA9—Metabolism—UCP2—IgA glomerulonephritis	0.000223	0.000422	CbGpPWpGaD
Trichlormethiazide—CA5A—Metabolism—CD44—IgA glomerulonephritis	0.000219	0.000415	CbGpPWpGaD
Trichlormethiazide—CA9—Metabolism—ACSL1—IgA glomerulonephritis	0.000216	0.000409	CbGpPWpGaD
Trichlormethiazide—CA12—Metabolism—PSME3—IgA glomerulonephritis	0.000211	0.000399	CbGpPWpGaD
Trichlormethiazide—CA5A—Metabolism—ABCA1—IgA glomerulonephritis	0.00021	0.000398	CbGpPWpGaD
Trichlormethiazide—TPMT—Metabolism—CD44—IgA glomerulonephritis	0.000209	0.000396	CbGpPWpGaD
Trichlormethiazide—CA7—Metabolism—CD44—IgA glomerulonephritis	0.000205	0.000388	CbGpPWpGaD
Trichlormethiazide—CA5B—Metabolism—CD44—IgA glomerulonephritis	0.000205	0.000388	CbGpPWpGaD
Trichlormethiazide—CA9—Metabolism—SEC23A—IgA glomerulonephritis	0.000204	0.000386	CbGpPWpGaD
Trichlormethiazide—CA9—Metabolism—TBL1XR1—IgA glomerulonephritis	0.000204	0.000386	CbGpPWpGaD
Trichlormethiazide—SLC12A1—Transmembrane transport of small molecules—ALB—IgA glomerulonephritis	0.000204	0.000385	CbGpPWpGaD
Trichlormethiazide—CA4—Metabolism—RRM2—IgA glomerulonephritis	0.000203	0.000383	CbGpPWpGaD
Trichlormethiazide—CA4—Metabolism—GNG12—IgA glomerulonephritis	0.000203	0.000383	CbGpPWpGaD
Trichlormethiazide—TPMT—Metabolism—ABCA1—IgA glomerulonephritis	0.000201	0.00038	CbGpPWpGaD
Trichlormethiazide—CA9—Metabolism—ALOX5AP—IgA glomerulonephritis	0.000199	0.000376	CbGpPWpGaD
Trichlormethiazide—CA7—Metabolism—ABCA1—IgA glomerulonephritis	0.000196	0.000372	CbGpPWpGaD
Trichlormethiazide—CA5B—Metabolism—ABCA1—IgA glomerulonephritis	0.000196	0.000372	CbGpPWpGaD
Trichlormethiazide—CA2—Metabolism—GNG12—IgA glomerulonephritis	0.000194	0.000368	CbGpPWpGaD
Trichlormethiazide—CA2—Metabolism—RRM2—IgA glomerulonephritis	0.000194	0.000368	CbGpPWpGaD
Trichlormethiazide—CA12—Metabolism—CD44—IgA glomerulonephritis	0.00019	0.000359	CbGpPWpGaD
Trichlormethiazide—CA4—Metabolism—NAMPT—IgA glomerulonephritis	0.000188	0.000355	CbGpPWpGaD
Trichlormethiazide—CA1—Metabolism—GNG12—IgA glomerulonephritis	0.000186	0.000352	CbGpPWpGaD
Trichlormethiazide—CA1—Metabolism—RRM2—IgA glomerulonephritis	0.000186	0.000352	CbGpPWpGaD
Trichlormethiazide—ATP1A1—Transmembrane transport of small molecules—ALB—IgA glomerulonephritis	0.000185	0.00035	CbGpPWpGaD
Trichlormethiazide—SLC12A3—Transmembrane transport of small molecules—ALB—IgA glomerulonephritis	0.000185	0.00035	CbGpPWpGaD
Trichlormethiazide—CA12—Metabolism—ABCA1—IgA glomerulonephritis	0.000182	0.000344	CbGpPWpGaD
Trichlormethiazide—CA5A—Metabolism—HMOX1—IgA glomerulonephritis	0.00018	0.000341	CbGpPWpGaD
Trichlormethiazide—CA2—Metabolism—NAMPT—IgA glomerulonephritis	0.00018	0.000341	CbGpPWpGaD
Trichlormethiazide—CA1—Metabolism—NAMPT—IgA glomerulonephritis	0.000172	0.000326	CbGpPWpGaD
Trichlormethiazide—TPMT—Metabolism—HMOX1—IgA glomerulonephritis	0.000172	0.000326	CbGpPWpGaD
Trichlormethiazide—CA5A—Metabolism—TYMS—IgA glomerulonephritis	0.00017	0.000322	CbGpPWpGaD
Trichlormethiazide—CA5B—Metabolism—HMOX1—IgA glomerulonephritis	0.000168	0.000319	CbGpPWpGaD
Trichlormethiazide—CA7—Metabolism—HMOX1—IgA glomerulonephritis	0.000168	0.000319	CbGpPWpGaD
Trichlormethiazide—CA4—Metabolism—PSME3—IgA glomerulonephritis	0.000168	0.000318	CbGpPWpGaD
Trichlormethiazide—CA9—Metabolism—GNG12—IgA glomerulonephritis	0.000164	0.00031	CbGpPWpGaD
Trichlormethiazide—CA9—Metabolism—RRM2—IgA glomerulonephritis	0.000164	0.00031	CbGpPWpGaD
Trichlormethiazide—TPMT—Metabolism—TYMS—IgA glomerulonephritis	0.000162	0.000307	CbGpPWpGaD
Trichlormethiazide—CA2—Metabolism—PSME3—IgA glomerulonephritis	0.000161	0.000305	CbGpPWpGaD
Trichlormethiazide—CA5B—Metabolism—TYMS—IgA glomerulonephritis	0.000159	0.0003	CbGpPWpGaD
Trichlormethiazide—CA7—Metabolism—TYMS—IgA glomerulonephritis	0.000159	0.0003	CbGpPWpGaD
Trichlormethiazide—CA5A—Metabolism—CD36—IgA glomerulonephritis	0.000157	0.000297	CbGpPWpGaD
Trichlormethiazide—CA12—Metabolism—HMOX1—IgA glomerulonephritis	0.000156	0.000295	CbGpPWpGaD
Trichlormethiazide—CA9—Cellular responses to stress—MAPK1—IgA glomerulonephritis	0.000155	0.000294	CbGpPWpGaD
Trichlormethiazide—CA1—Metabolism—PSME3—IgA glomerulonephritis	0.000154	0.000292	CbGpPWpGaD
Trichlormethiazide—CA9—Metabolism—NAMPT—IgA glomerulonephritis	0.000152	0.000287	CbGpPWpGaD
Trichlormethiazide—CA4—Metabolism—CD44—IgA glomerulonephritis	0.000151	0.000286	CbGpPWpGaD
Trichlormethiazide—TPMT—Metabolism—CD36—IgA glomerulonephritis	0.00015	0.000283	CbGpPWpGaD
Trichlormethiazide—CA12—Metabolism—TYMS—IgA glomerulonephritis	0.000147	0.000278	CbGpPWpGaD
Trichlormethiazide—CA5B—Metabolism—CD36—IgA glomerulonephritis	0.000146	0.000277	CbGpPWpGaD
Trichlormethiazide—CA7—Metabolism—CD36—IgA glomerulonephritis	0.000146	0.000277	CbGpPWpGaD
Trichlormethiazide—CA4—Metabolism—ABCA1—IgA glomerulonephritis	0.000145	0.000274	CbGpPWpGaD
Trichlormethiazide—CA2—Metabolism—CD44—IgA glomerulonephritis	0.000145	0.000274	CbGpPWpGaD
Trichlormethiazide—CA5A—Metabolism—AGT—IgA glomerulonephritis	0.000141	0.000267	CbGpPWpGaD
Trichlormethiazide—CA2—Metabolism—ABCA1—IgA glomerulonephritis	0.000139	0.000263	CbGpPWpGaD
Trichlormethiazide—CA1—Metabolism—CD44—IgA glomerulonephritis	0.000139	0.000263	CbGpPWpGaD
Trichlormethiazide—CA9—Metabolism—PSME3—IgA glomerulonephritis	0.000136	0.000257	CbGpPWpGaD
Trichlormethiazide—CA12—Metabolism—CD36—IgA glomerulonephritis	0.000136	0.000257	CbGpPWpGaD
Trichlormethiazide—TPMT—Metabolism—AGT—IgA glomerulonephritis	0.000135	0.000255	CbGpPWpGaD
Trichlormethiazide—CA1—Metabolism—ABCA1—IgA glomerulonephritis	0.000133	0.000252	CbGpPWpGaD
Trichlormethiazide—CA5B—Metabolism—AGT—IgA glomerulonephritis	0.000132	0.000249	CbGpPWpGaD
Trichlormethiazide—CA7—Metabolism—AGT—IgA glomerulonephritis	0.000132	0.000249	CbGpPWpGaD
Trichlormethiazide—CA4—Metabolism—HMOX1—IgA glomerulonephritis	0.000124	0.000235	CbGpPWpGaD
Trichlormethiazide—CA9—Metabolism—CD44—IgA glomerulonephritis	0.000122	0.000231	CbGpPWpGaD
Trichlormethiazide—CA12—Metabolism—AGT—IgA glomerulonephritis	0.000122	0.000231	CbGpPWpGaD
Trichlormethiazide—CA2—Metabolism—HMOX1—IgA glomerulonephritis	0.000119	0.000226	CbGpPWpGaD
Trichlormethiazide—CA4—Metabolism—TYMS—IgA glomerulonephritis	0.000117	0.000222	CbGpPWpGaD
Trichlormethiazide—CA9—Metabolism—ABCA1—IgA glomerulonephritis	0.000117	0.000222	CbGpPWpGaD
Trichlormethiazide—CA1—Metabolism—HMOX1—IgA glomerulonephritis	0.000114	0.000216	CbGpPWpGaD
Trichlormethiazide—CA2—Metabolism—TYMS—IgA glomerulonephritis	0.000112	0.000213	CbGpPWpGaD
Trichlormethiazide—CA5A—Metabolism—ALB—IgA glomerulonephritis	0.000108	0.000205	CbGpPWpGaD
Trichlormethiazide—CA4—Metabolism—CD36—IgA glomerulonephritis	0.000108	0.000205	CbGpPWpGaD
Trichlormethiazide—CA1—Metabolism—TYMS—IgA glomerulonephritis	0.000108	0.000204	CbGpPWpGaD
Trichlormethiazide—CA2—Metabolism—CD36—IgA glomerulonephritis	0.000104	0.000196	CbGpPWpGaD
Trichlormethiazide—TPMT—Metabolism—ALB—IgA glomerulonephritis	0.000103	0.000196	CbGpPWpGaD
Trichlormethiazide—CA5B—Metabolism—ALB—IgA glomerulonephritis	0.000101	0.000191	CbGpPWpGaD
Trichlormethiazide—CA7—Metabolism—ALB—IgA glomerulonephritis	0.000101	0.000191	CbGpPWpGaD
Trichlormethiazide—CA9—Metabolism—HMOX1—IgA glomerulonephritis	0.000101	0.00019	CbGpPWpGaD
Trichlormethiazide—CA1—Metabolism—CD36—IgA glomerulonephritis	9.94e-05	0.000188	CbGpPWpGaD
Trichlormethiazide—CA4—Metabolism—AGT—IgA glomerulonephritis	9.73e-05	0.000184	CbGpPWpGaD
Trichlormethiazide—CA9—Metabolism—TYMS—IgA glomerulonephritis	9.48e-05	0.000179	CbGpPWpGaD
Trichlormethiazide—CA12—Metabolism—ALB—IgA glomerulonephritis	9.37e-05	0.000177	CbGpPWpGaD
Trichlormethiazide—CA2—Metabolism—AGT—IgA glomerulonephritis	9.33e-05	0.000177	CbGpPWpGaD
Trichlormethiazide—CA1—Metabolism—AGT—IgA glomerulonephritis	8.95e-05	0.000169	CbGpPWpGaD
Trichlormethiazide—CA9—Metabolism—CD36—IgA glomerulonephritis	8.73e-05	0.000165	CbGpPWpGaD
Trichlormethiazide—CA5A—Metabolism—PTEN—IgA glomerulonephritis	8.26e-05	0.000156	CbGpPWpGaD
Trichlormethiazide—TPMT—Metabolism—PTEN—IgA glomerulonephritis	7.88e-05	0.000149	CbGpPWpGaD
Trichlormethiazide—CA9—Metabolism—AGT—IgA glomerulonephritis	7.86e-05	0.000149	CbGpPWpGaD
Trichlormethiazide—CA5B—Metabolism—PTEN—IgA glomerulonephritis	7.71e-05	0.000146	CbGpPWpGaD
Trichlormethiazide—CA7—Metabolism—PTEN—IgA glomerulonephritis	7.71e-05	0.000146	CbGpPWpGaD
Trichlormethiazide—CA4—Metabolism—ALB—IgA glomerulonephritis	7.47e-05	0.000141	CbGpPWpGaD
Trichlormethiazide—CA2—Metabolism—ALB—IgA glomerulonephritis	7.16e-05	0.000136	CbGpPWpGaD
Trichlormethiazide—CA12—Metabolism—PTEN—IgA glomerulonephritis	7.15e-05	0.000135	CbGpPWpGaD
Trichlormethiazide—CA1—Metabolism—ALB—IgA glomerulonephritis	6.87e-05	0.00013	CbGpPWpGaD
Trichlormethiazide—CA9—Metabolism—ALB—IgA glomerulonephritis	6.04e-05	0.000114	CbGpPWpGaD
Trichlormethiazide—CA5A—Metabolism—PIK3CA—IgA glomerulonephritis	5.83e-05	0.00011	CbGpPWpGaD
Trichlormethiazide—CA4—Metabolism—PTEN—IgA glomerulonephritis	5.7e-05	0.000108	CbGpPWpGaD
Trichlormethiazide—TPMT—Metabolism—PIK3CA—IgA glomerulonephritis	5.56e-05	0.000105	CbGpPWpGaD
Trichlormethiazide—CA2—Metabolism—PTEN—IgA glomerulonephritis	5.46e-05	0.000103	CbGpPWpGaD
Trichlormethiazide—CA5B—Metabolism—PIK3CA—IgA glomerulonephritis	5.44e-05	0.000103	CbGpPWpGaD
Trichlormethiazide—CA7—Metabolism—PIK3CA—IgA glomerulonephritis	5.44e-05	0.000103	CbGpPWpGaD
Trichlormethiazide—CA1—Metabolism—PTEN—IgA glomerulonephritis	5.24e-05	9.92e-05	CbGpPWpGaD
Trichlormethiazide—CA12—Metabolism—PIK3CA—IgA glomerulonephritis	5.04e-05	9.54e-05	CbGpPWpGaD
Trichlormethiazide—CA9—Metabolism—PTEN—IgA glomerulonephritis	4.6e-05	8.72e-05	CbGpPWpGaD
Trichlormethiazide—CA4—Metabolism—PIK3CA—IgA glomerulonephritis	4.02e-05	7.61e-05	CbGpPWpGaD
Trichlormethiazide—CA2—Metabolism—PIK3CA—IgA glomerulonephritis	3.85e-05	7.3e-05	CbGpPWpGaD
Trichlormethiazide—CA1—Metabolism—PIK3CA—IgA glomerulonephritis	3.7e-05	7e-05	CbGpPWpGaD
Trichlormethiazide—CA9—Metabolism—PIK3CA—IgA glomerulonephritis	3.25e-05	6.15e-05	CbGpPWpGaD
