nodes	percent_of_prediction	percent_of_DWPC	metapath
Repaglinide—type 2 diabetes mellitus—type 1 diabetes mellitus	0.529	1	CtDrD
Repaglinide—ABCC8—type 1 diabetes mellitus	0.223	0.54	CbGaD
Repaglinide—KCNJ11—type 1 diabetes mellitus	0.157	0.381	CbGaD
Repaglinide—ALB—type 1 diabetes mellitus	0.0327	0.0793	CbGaD
Repaglinide—ABCC8—penis—type 1 diabetes mellitus	0.00265	0.3	CbGeAlD
Repaglinide—Myocardial ischaemia—Ramipril—type 1 diabetes mellitus	0.000748	0.0566	CcSEcCtD
Repaglinide—KCNJ11—islet of Langerhans—type 1 diabetes mellitus	0.000641	0.0724	CbGeAlD
Repaglinide—Vasculitis—Ramipril—type 1 diabetes mellitus	0.000616	0.0466	CcSEcCtD
Repaglinide—ABCC8—islet of Langerhans—type 1 diabetes mellitus	0.000591	0.0667	CbGeAlD
Repaglinide—Haemolytic anaemia—Ramipril—type 1 diabetes mellitus	0.000484	0.0366	CcSEcCtD
Repaglinide—KCNJ11—cardiovascular system—type 1 diabetes mellitus	0.000464	0.0523	CbGeAlD
Repaglinide—Anaphylactoid reaction—Ramipril—type 1 diabetes mellitus	0.000451	0.0341	CcSEcCtD
Repaglinide—PPARG—islet of Langerhans—type 1 diabetes mellitus	0.000451	0.0509	CbGeAlD
Repaglinide—KCNJ11—pancreas—type 1 diabetes mellitus	0.000451	0.0509	CbGeAlD
Repaglinide—Hypoglycaemia—Ramipril—type 1 diabetes mellitus	0.000448	0.0339	CcSEcCtD
Repaglinide—ABCC8—cardiovascular system—type 1 diabetes mellitus	0.000427	0.0482	CbGeAlD
Repaglinide—ABCC8—kidney—type 1 diabetes mellitus	0.000418	0.0472	CbGeAlD
Repaglinide—ABCC8—pancreas—type 1 diabetes mellitus	0.000415	0.0469	CbGeAlD
Repaglinide—KCNJ11—lymphoid tissue—type 1 diabetes mellitus	0.00039	0.044	CbGeAlD
Repaglinide—Pancreatitis—Ramipril—type 1 diabetes mellitus	0.00037	0.028	CcSEcCtD
Repaglinide—SLCO1B1—kidney—type 1 diabetes mellitus	0.00037	0.0417	CbGeAlD
Repaglinide—Angina pectoris—Ramipril—type 1 diabetes mellitus	0.000368	0.0278	CcSEcCtD
Repaglinide—Bronchitis—Ramipril—type 1 diabetes mellitus	0.000363	0.0275	CcSEcCtD
Repaglinide—Stevens-Johnson syndrome—Ramipril—type 1 diabetes mellitus	0.000334	0.0252	CcSEcCtD
Repaglinide—Acute coronary syndrome—Ramipril—type 1 diabetes mellitus	0.000332	0.0251	CcSEcCtD
Repaglinide—Myocardial infarction—Ramipril—type 1 diabetes mellitus	0.00033	0.025	CcSEcCtD
Repaglinide—Jaundice—Ramipril—type 1 diabetes mellitus	0.000328	0.0248	CcSEcCtD
Repaglinide—Urinary tract infection—Ramipril—type 1 diabetes mellitus	0.000327	0.0247	CcSEcCtD
Repaglinide—PPARG—cardiovascular system—type 1 diabetes mellitus	0.000326	0.0368	CbGeAlD
Repaglinide—PPARG—kidney—type 1 diabetes mellitus	0.000319	0.036	CbGeAlD
Repaglinide—Hepatobiliary disease—Ramipril—type 1 diabetes mellitus	0.000318	0.0241	CcSEcCtD
Repaglinide—PPARG—pancreas—type 1 diabetes mellitus	0.000317	0.0358	CbGeAlD
Repaglinide—Sinusitis—Ramipril—type 1 diabetes mellitus	0.000316	0.0239	CcSEcCtD
Repaglinide—Hepatitis—Ramipril—type 1 diabetes mellitus	0.000302	0.0229	CcSEcCtD
Repaglinide—Oedema peripheral—Ramipril—type 1 diabetes mellitus	0.000298	0.0225	CcSEcCtD
Repaglinide—Visual impairment—Ramipril—type 1 diabetes mellitus	0.000291	0.022	CcSEcCtD
Repaglinide—Erythema multiforme—Ramipril—type 1 diabetes mellitus	0.000286	0.0216	CcSEcCtD
Repaglinide—PPARG—lymphoid tissue—type 1 diabetes mellitus	0.000274	0.0309	CbGeAlD
Repaglinide—Immune system disorder—Ramipril—type 1 diabetes mellitus	0.000273	0.0206	CcSEcCtD
Repaglinide—Arrhythmia—Ramipril—type 1 diabetes mellitus	0.00027	0.0204	CcSEcCtD
Repaglinide—Alopecia—Ramipril—type 1 diabetes mellitus	0.000267	0.0202	CcSEcCtD
Repaglinide—Malnutrition—Ramipril—type 1 diabetes mellitus	0.000263	0.0199	CcSEcCtD
Repaglinide—Erythema—Ramipril—type 1 diabetes mellitus	0.000263	0.0199	CcSEcCtD
Repaglinide—Leukopenia—Ramipril—type 1 diabetes mellitus	0.000235	0.0178	CcSEcCtD
Repaglinide—Palpitations—Ramipril—type 1 diabetes mellitus	0.000232	0.0176	CcSEcCtD
Repaglinide—Arthralgia—Ramipril—type 1 diabetes mellitus	0.000224	0.0169	CcSEcCtD
Repaglinide—Chest pain—Ramipril—type 1 diabetes mellitus	0.000224	0.0169	CcSEcCtD
Repaglinide—Unspecified disorder of skin and subcutaneous tissue—Ramipril—type 1 diabetes mellitus	0.000222	0.0168	CcSEcCtD
Repaglinide—Anaphylactic shock—Ramipril—type 1 diabetes mellitus	0.000215	0.0162	CcSEcCtD
Repaglinide—Oedema—Ramipril—type 1 diabetes mellitus	0.000215	0.0162	CcSEcCtD
Repaglinide—CYP2C8—kidney—type 1 diabetes mellitus	0.00021	0.0237	CbGeAlD
Repaglinide—Thrombocytopenia—Ramipril—type 1 diabetes mellitus	0.00021	0.0159	CcSEcCtD
Repaglinide—Skin disorder—Ramipril—type 1 diabetes mellitus	0.000208	0.0158	CcSEcCtD
Repaglinide—Musculoskeletal discomfort—Ramipril—type 1 diabetes mellitus	0.000196	0.0148	CcSEcCtD
Repaglinide—Paraesthesia—Ramipril—type 1 diabetes mellitus	0.000193	0.0146	CcSEcCtD
Repaglinide—Dyspepsia—Ramipril—type 1 diabetes mellitus	0.000189	0.0143	CcSEcCtD
Repaglinide—Gastrointestinal disorder—Ramipril—type 1 diabetes mellitus	0.000185	0.014	CcSEcCtD
Repaglinide—Constipation—Ramipril—type 1 diabetes mellitus	0.000184	0.0139	CcSEcCtD
Repaglinide—Gastrointestinal pain—Ramipril—type 1 diabetes mellitus	0.000176	0.0133	CcSEcCtD
Repaglinide—Urticaria—Ramipril—type 1 diabetes mellitus	0.000171	0.0129	CcSEcCtD
Repaglinide—Abdominal pain—Ramipril—type 1 diabetes mellitus	0.00017	0.0128	CcSEcCtD
Repaglinide—Hypersensitivity—Ramipril—type 1 diabetes mellitus	0.000158	0.012	CcSEcCtD
Repaglinide—Pruritus—Ramipril—type 1 diabetes mellitus	0.000152	0.0115	CcSEcCtD
Repaglinide—PPARG—Calcineurin-regulated NFAT-dependent transcription in lymphocytes—CD40LG—type 1 diabetes mellitus	0.000149	0.00407	CbGpPWpGaD
Repaglinide—ABCC8—FOXA2 and FOXA3 transcription factor networks—ALB—type 1 diabetes mellitus	0.000148	0.00405	CbGpPWpGaD
Repaglinide—KCNJ11—Type II diabetes mellitus—TNF—type 1 diabetes mellitus	0.000148	0.00404	CbGpPWpGaD
Repaglinide—Diarrhoea—Ramipril—type 1 diabetes mellitus	0.000147	0.0111	CcSEcCtD
Repaglinide—PPARG—Calcineurin-regulated NFAT-dependent transcription in lymphocytes—IL4—type 1 diabetes mellitus	0.000145	0.00396	CbGpPWpGaD
Repaglinide—ABCC8—Integration of energy metabolism—GCG—type 1 diabetes mellitus	0.000144	0.00395	CbGpPWpGaD
Repaglinide—PPARG—Calcineurin-regulated NFAT-dependent transcription in lymphocytes—E2F1—type 1 diabetes mellitus	0.000144	0.00394	CbGpPWpGaD
Repaglinide—KCNJ11—FOXA2 and FOXA3 transcription factor networks—ALB—type 1 diabetes mellitus	0.000144	0.00393	CbGpPWpGaD
Repaglinide—CYP3A4—kidney—type 1 diabetes mellitus	0.000142	0.0161	CbGeAlD
Repaglinide—KCNJ11—Integration of energy metabolism—GCG—type 1 diabetes mellitus	0.00014	0.00383	CbGpPWpGaD
Repaglinide—PPARG—Calcineurin-regulated NFAT-dependent transcription in lymphocytes—FASLG—type 1 diabetes mellitus	0.000138	0.00378	CbGpPWpGaD
Repaglinide—ABCC8—Transmembrane transport of small molecules—SLC29A3—type 1 diabetes mellitus	0.000137	0.00376	CbGpPWpGaD
Repaglinide—ALB—FOXA2 and FOXA3 transcription factor networks—IGFBP1—type 1 diabetes mellitus	0.000137	0.00376	CbGpPWpGaD
Repaglinide—Vomiting—Ramipril—type 1 diabetes mellitus	0.000136	0.0103	CcSEcCtD
Repaglinide—Rash—Ramipril—type 1 diabetes mellitus	0.000135	0.0102	CcSEcCtD
Repaglinide—Dermatitis—Ramipril—type 1 diabetes mellitus	0.000135	0.0102	CcSEcCtD
Repaglinide—Headache—Ramipril—type 1 diabetes mellitus	0.000134	0.0102	CcSEcCtD
Repaglinide—PPARG—Calcineurin-regulated NFAT-dependent transcription in lymphocytes—IL2RA—type 1 diabetes mellitus	0.000133	0.00363	CbGpPWpGaD
Repaglinide—KCNJ11—Neuronal System—ABCC8—type 1 diabetes mellitus	0.00013	0.00357	CbGpPWpGaD
Repaglinide—Nausea—Ramipril—type 1 diabetes mellitus	0.000128	0.00965	CcSEcCtD
Repaglinide—ALB—Binding and Uptake of Ligands by Scavenger Receptors—HBA1—type 1 diabetes mellitus	0.000126	0.00345	CbGpPWpGaD
Repaglinide—ABCC8—Neuronal System—GAD2—type 1 diabetes mellitus	0.000117	0.00321	CbGpPWpGaD
Repaglinide—PPARG—Calcineurin-regulated NFAT-dependent transcription in lymphocytes—CDK4—type 1 diabetes mellitus	0.000117	0.00321	CbGpPWpGaD
Repaglinide—PPARG—Regulation of retinoblastoma protein—E2F1—type 1 diabetes mellitus	0.000115	0.00315	CbGpPWpGaD
Repaglinide—KCNJ11—Neuronal System—GAD2—type 1 diabetes mellitus	0.000114	0.00312	CbGpPWpGaD
Repaglinide—PPARG—Transcription factor regulation in adipogenesis—TNF—type 1 diabetes mellitus	0.000109	0.00299	CbGpPWpGaD
Repaglinide—ALB—Lipid and lipoprotein metabolism—APOC3—type 1 diabetes mellitus	0.000107	0.00293	CbGpPWpGaD
Repaglinide—ABCC8—Neuronal System—KCNJ11—type 1 diabetes mellitus	0.000106	0.00291	CbGpPWpGaD
Repaglinide—ALB—Vitamin B12 Metabolism—HBA1—type 1 diabetes mellitus	0.000106	0.0029	CbGpPWpGaD
Repaglinide—PPARG—Circadian rythm related genes—PRF1—type 1 diabetes mellitus	0.000104	0.00284	CbGpPWpGaD
Repaglinide—ABCC8—Regulation of insulin secretion—INS—type 1 diabetes mellitus	0.000103	0.00283	CbGpPWpGaD
Repaglinide—ABCC8—Neuronal System—SLC18A2—type 1 diabetes mellitus	0.000103	0.00282	CbGpPWpGaD
Repaglinide—ABCC8—Neuronal System—GAD1—type 1 diabetes mellitus	0.000102	0.00279	CbGpPWpGaD
Repaglinide—KCNJ11—Regulation of insulin secretion—INS—type 1 diabetes mellitus	0.0001	0.00274	CbGpPWpGaD
Repaglinide—KCNJ11—Neuronal System—SLC18A2—type 1 diabetes mellitus	9.97e-05	0.00273	CbGpPWpGaD
Repaglinide—KCNJ11—Neuronal System—GAD1—type 1 diabetes mellitus	9.87e-05	0.0027	CbGpPWpGaD
Repaglinide—SLCO1B1—Bile acid and bile salt metabolism—ALB—type 1 diabetes mellitus	9.81e-05	0.00269	CbGpPWpGaD
Repaglinide—PPARG—RXR and RAR heterodimerization with other nuclear receptor—TNF—type 1 diabetes mellitus	9.55e-05	0.00261	CbGpPWpGaD
Repaglinide—SLCO1B1—Transport of vitamins, nucleosides, and related molecules—ALB—type 1 diabetes mellitus	9.4e-05	0.00257	CbGpPWpGaD
Repaglinide—PPARG—Regulation of retinoblastoma protein—CDK4—type 1 diabetes mellitus	9.39e-05	0.00257	CbGpPWpGaD
Repaglinide—SLCO1B1—SLC-mediated transmembrane transport—G6PC2—type 1 diabetes mellitus	9.25e-05	0.00253	CbGpPWpGaD
Repaglinide—PPARG—Transcription factor regulation in adipogenesis—IL6—type 1 diabetes mellitus	8.81e-05	0.00241	CbGpPWpGaD
Repaglinide—CYP3A4—Drug Induction of Bile Acid Pathway—VDR—type 1 diabetes mellitus	8.8e-05	0.00241	CbGpPWpGaD
Repaglinide—PPARG—Calcineurin-regulated NFAT-dependent transcription in lymphocytes—IFNG—type 1 diabetes mellitus	8.74e-05	0.00239	CbGpPWpGaD
Repaglinide—ALB—SLC-mediated transmembrane transport—SLC29A3—type 1 diabetes mellitus	8.72e-05	0.00239	CbGpPWpGaD
Repaglinide—ALB—Folate Metabolism—HBA1—type 1 diabetes mellitus	8.62e-05	0.00236	CbGpPWpGaD
Repaglinide—ABCC8—Transmembrane transport of small molecules—G6PC2—type 1 diabetes mellitus	8.33e-05	0.00228	CbGpPWpGaD
Repaglinide—PPARG—Transcriptional regulation of white adipocyte differentiation—CDK4—type 1 diabetes mellitus	8.3e-05	0.00227	CbGpPWpGaD
Repaglinide—ABCC8—Integration of energy metabolism—INS—type 1 diabetes mellitus	8.12e-05	0.00222	CbGpPWpGaD
Repaglinide—PPARG—SREBP signalling—INS—type 1 diabetes mellitus	8.08e-05	0.00221	CbGpPWpGaD
Repaglinide—KCNJ11—Integration of energy metabolism—INS—type 1 diabetes mellitus	7.87e-05	0.00215	CbGpPWpGaD
Repaglinide—PPARG—Calcineurin-regulated NFAT-dependent transcription in lymphocytes—CASP3—type 1 diabetes mellitus	7.78e-05	0.00213	CbGpPWpGaD
Repaglinide—PPARG—Calcineurin-regulated NFAT-dependent transcription in lymphocytes—IL2—type 1 diabetes mellitus	7.77e-05	0.00213	CbGpPWpGaD
Repaglinide—SLCO1B1—Transmembrane transport of small molecules—SLC29A3—type 1 diabetes mellitus	7.76e-05	0.00212	CbGpPWpGaD
Repaglinide—PPARG—Developmental Biology—CACNA1G—type 1 diabetes mellitus	7.48e-05	0.00205	CbGpPWpGaD
Repaglinide—PPARG—Developmental Biology—PAX4—type 1 diabetes mellitus	7.48e-05	0.00205	CbGpPWpGaD
Repaglinide—ALB—Selenium Micronutrient Network—HBA1—type 1 diabetes mellitus	6.85e-05	0.00187	CbGpPWpGaD
Repaglinide—PPARG—Adipogenesis—E2F1—type 1 diabetes mellitus	6.7e-05	0.00183	CbGpPWpGaD
Repaglinide—ALB—Vitamin B12 Metabolism—SOD2—type 1 diabetes mellitus	6.61e-05	0.00181	CbGpPWpGaD
Repaglinide—PPARG—Developmental Biology—PDX1—type 1 diabetes mellitus	6.36e-05	0.00174	CbGpPWpGaD
Repaglinide—PPARG—Developmental Biology—HNF1A—type 1 diabetes mellitus	6.36e-05	0.00174	CbGpPWpGaD
Repaglinide—SLCO1B1—SLC-mediated transmembrane transport—SLC18A2—type 1 diabetes mellitus	6.14e-05	0.00168	CbGpPWpGaD
Repaglinide—ALB—Folate Metabolism—CAT—type 1 diabetes mellitus	5.67e-05	0.00155	CbGpPWpGaD
Repaglinide—PPARG—Calcineurin-regulated NFAT-dependent transcription in lymphocytes—TNF—type 1 diabetes mellitus	5.66e-05	0.00155	CbGpPWpGaD
Repaglinide—SLCO1B1—SLC-mediated transmembrane transport—CP—type 1 diabetes mellitus	5.65e-05	0.00155	CbGpPWpGaD
Repaglinide—SLCO1B1—SLC-mediated transmembrane transport—SLC11A1—type 1 diabetes mellitus	5.6e-05	0.00153	CbGpPWpGaD
Repaglinide—ALB—Vitamin B12 Metabolism—CRP—type 1 diabetes mellitus	5.54e-05	0.00152	CbGpPWpGaD
Repaglinide—ABCC8—Transmembrane transport of small molecules—SLC18A2—type 1 diabetes mellitus	5.53e-05	0.00151	CbGpPWpGaD
Repaglinide—ALB—Folate Metabolism—SOD2—type 1 diabetes mellitus	5.38e-05	0.00147	CbGpPWpGaD
Repaglinide—ALB—SLC-mediated transmembrane transport—G6PC2—type 1 diabetes mellitus	5.29e-05	0.00145	CbGpPWpGaD
Repaglinide—ALB—Folate Metabolism—IL4—type 1 diabetes mellitus	5.21e-05	0.00143	CbGpPWpGaD
Repaglinide—ALB—FOXA2 and FOXA3 transcription factor networks—INS—type 1 diabetes mellitus	5.21e-05	0.00143	CbGpPWpGaD
Repaglinide—ALB—Hemostasis—SIRPG—type 1 diabetes mellitus	5.12e-05	0.0014	CbGpPWpGaD
Repaglinide—ABCC8—Transmembrane transport of small molecules—CP—type 1 diabetes mellitus	5.09e-05	0.00139	CbGpPWpGaD
Repaglinide—CYP3A4—Nuclear Receptors in Lipid Metabolism and Toxicity—VDR—type 1 diabetes mellitus	5.05e-05	0.00138	CbGpPWpGaD
Repaglinide—ABCC8—Transmembrane transport of small molecules—SLC11A1—type 1 diabetes mellitus	5.05e-05	0.00138	CbGpPWpGaD
Repaglinide—PPARG—Signaling events mediated by HDAC Class I—STAT3—type 1 diabetes mellitus	5e-05	0.00137	CbGpPWpGaD
Repaglinide—PPARG—Adipogenesis—INS—type 1 diabetes mellitus	4.87e-05	0.00133	CbGpPWpGaD
Repaglinide—ALB—Platelet degranulation—IGF2—type 1 diabetes mellitus	4.86e-05	0.00133	CbGpPWpGaD
Repaglinide—PPARG—Adipogenesis—IGF1—type 1 diabetes mellitus	4.71e-05	0.00129	CbGpPWpGaD
Repaglinide—SLCO1B1—Transmembrane transport of small molecules—G6PC2—type 1 diabetes mellitus	4.7e-05	0.00129	CbGpPWpGaD
Repaglinide—ALB—Response to elevated platelet cytosolic Ca2+—IGF2—type 1 diabetes mellitus	4.63e-05	0.00127	CbGpPWpGaD
Repaglinide—ALB—Vitamin B12 Metabolism—INS—type 1 diabetes mellitus	4.63e-05	0.00127	CbGpPWpGaD
Repaglinide—ALB—Selenium Micronutrient Network—CAT—type 1 diabetes mellitus	4.51e-05	0.00123	CbGpPWpGaD
Repaglinide—ALB—Folate Metabolism—CRP—type 1 diabetes mellitus	4.5e-05	0.00123	CbGpPWpGaD
Repaglinide—ALB—Transmembrane transport of small molecules—SLC29A3—type 1 diabetes mellitus	4.43e-05	0.00121	CbGpPWpGaD
Repaglinide—PPARG—Signaling events mediated by HDAC Class I—TNF—type 1 diabetes mellitus	4.32e-05	0.00118	CbGpPWpGaD
Repaglinide—ALB—Selenium Micronutrient Network—SOD2—type 1 diabetes mellitus	4.27e-05	0.00117	CbGpPWpGaD
Repaglinide—ABCC8—Metabolism—HBA2—type 1 diabetes mellitus	4.15e-05	0.00114	CbGpPWpGaD
Repaglinide—CYP3A4—Tryptophan metabolism—CAT—type 1 diabetes mellitus	4.09e-05	0.00112	CbGpPWpGaD
Repaglinide—SLCO1B1—Transmembrane transport of small molecules—ABCC8—type 1 diabetes mellitus	4.08e-05	0.00112	CbGpPWpGaD
Repaglinide—KCNJ11—Metabolism—HBA2—type 1 diabetes mellitus	4.02e-05	0.0011	CbGpPWpGaD
Repaglinide—PPARG—Transcriptional regulation of white adipocyte differentiation—TNF—type 1 diabetes mellitus	4.01e-05	0.0011	CbGpPWpGaD
Repaglinide—CYP2C8—Biological oxidations—GSTT1—type 1 diabetes mellitus	3.93e-05	0.00108	CbGpPWpGaD
Repaglinide—ABCC8—Metabolism—G6PC2—type 1 diabetes mellitus	3.9e-05	0.00107	CbGpPWpGaD
Repaglinide—ALB—Vitamin B12 Metabolism—IFNG—type 1 diabetes mellitus	3.87e-05	0.00106	CbGpPWpGaD
Repaglinide—PPARG—Circadian rythm related genes—CDK4—type 1 diabetes mellitus	3.85e-05	0.00105	CbGpPWpGaD
Repaglinide—PPARG—Developmental Biology—IAPP—type 1 diabetes mellitus	3.8e-05	0.00104	CbGpPWpGaD
Repaglinide—KCNJ11—Metabolism—G6PC2—type 1 diabetes mellitus	3.78e-05	0.00104	CbGpPWpGaD
Repaglinide—ALB—Folate Metabolism—INS—type 1 diabetes mellitus	3.77e-05	0.00103	CbGpPWpGaD
Repaglinide—PPARG—Circadian rythm related genes—NOS2—type 1 diabetes mellitus	3.75e-05	0.00103	CbGpPWpGaD
Repaglinide—ALB—Selenium Micronutrient Network—CRP—type 1 diabetes mellitus	3.58e-05	0.00098	CbGpPWpGaD
Repaglinide—ALB—SLC-mediated transmembrane transport—SLC18A2—type 1 diabetes mellitus	3.51e-05	0.00096	CbGpPWpGaD
Repaglinide—ALB—Platelet activation, signaling and aggregation—ITPR3—type 1 diabetes mellitus	3.48e-05	0.000953	CbGpPWpGaD
Repaglinide—ALB—Vitamin B12 Metabolism—IL1B—type 1 diabetes mellitus	3.45e-05	0.000945	CbGpPWpGaD
Repaglinide—PPARG—Metabolism of lipids and lipoproteins—APOC3—type 1 diabetes mellitus	3.4e-05	0.00093	CbGpPWpGaD
Repaglinide—KCNJ11—Metabolism—ABCC8—type 1 diabetes mellitus	3.28e-05	0.000898	CbGpPWpGaD
Repaglinide—PPARG—Gene Expression—ZFP36L1—type 1 diabetes mellitus	3.25e-05	0.00089	CbGpPWpGaD
Repaglinide—ALB—SLC-mediated transmembrane transport—CP—type 1 diabetes mellitus	3.23e-05	0.000884	CbGpPWpGaD
Repaglinide—ALB—SLC-mediated transmembrane transport—SLC11A1—type 1 diabetes mellitus	3.2e-05	0.000877	CbGpPWpGaD
Repaglinide—ALB—Folate Metabolism—IFNG—type 1 diabetes mellitus	3.15e-05	0.000862	CbGpPWpGaD
Repaglinide—ALB—Platelet degranulation—IGF1—type 1 diabetes mellitus	3.12e-05	0.000855	CbGpPWpGaD
Repaglinide—SLCO1B1—Transmembrane transport of small molecules—SLC18A2—type 1 diabetes mellitus	3.12e-05	0.000854	CbGpPWpGaD
Repaglinide—PPARG—Adipogenesis—STAT3—type 1 diabetes mellitus	3.04e-05	0.000833	CbGpPWpGaD
Repaglinide—ALB—Selenium Micronutrient Network—INS—type 1 diabetes mellitus	2.99e-05	0.000819	CbGpPWpGaD
Repaglinide—ALB—Response to elevated platelet cytosolic Ca2+—IGF1—type 1 diabetes mellitus	2.98e-05	0.000814	CbGpPWpGaD
Repaglinide—PPARG—Metabolism—HBA2—type 1 diabetes mellitus	2.97e-05	0.000814	CbGpPWpGaD
Repaglinide—SLCO1B1—Transmembrane transport of small molecules—CP—type 1 diabetes mellitus	2.87e-05	0.000786	CbGpPWpGaD
Repaglinide—PPARG—Developmental Biology—PRKCQ—type 1 diabetes mellitus	2.87e-05	0.000784	CbGpPWpGaD
Repaglinide—SLCO1B1—Transmembrane transport of small molecules—SLC11A1—type 1 diabetes mellitus	2.85e-05	0.00078	CbGpPWpGaD
Repaglinide—ALB—Folate Metabolism—IL1B—type 1 diabetes mellitus	2.81e-05	0.000769	CbGpPWpGaD
Repaglinide—ALB—Folate Metabolism—IL2—type 1 diabetes mellitus	2.8e-05	0.000766	CbGpPWpGaD
Repaglinide—PPARG—Metabolism—G6PC2—type 1 diabetes mellitus	2.8e-05	0.000765	CbGpPWpGaD
Repaglinide—ALB—Transmembrane transport of small molecules—G6PC2—type 1 diabetes mellitus	2.69e-05	0.000735	CbGpPWpGaD
Repaglinide—SLCO1B1—Metabolism of lipids and lipoproteins—APOC3—type 1 diabetes mellitus	2.68e-05	0.000732	CbGpPWpGaD
Repaglinide—ABCC8—Metabolism—KCNJ11—type 1 diabetes mellitus	2.67e-05	0.000732	CbGpPWpGaD
Repaglinide—PPARG—Adipogenesis—TNF—type 1 diabetes mellitus	2.64e-05	0.000721	CbGpPWpGaD
Repaglinide—PPARG—Generic Transcription Pathway—VDR—type 1 diabetes mellitus	2.6e-05	0.000711	CbGpPWpGaD
Repaglinide—ALB—Vitamin B12 Metabolism—TNF—type 1 diabetes mellitus	2.51e-05	0.000686	CbGpPWpGaD
Repaglinide—ALB—Selenium Micronutrient Network—IFNG—type 1 diabetes mellitus	2.5e-05	0.000685	CbGpPWpGaD
Repaglinide—ALB—Platelet activation, signaling and aggregation—PRKCQ—type 1 diabetes mellitus	2.45e-05	0.000672	CbGpPWpGaD
Repaglinide—PPARG—Metabolism—ABCC8—type 1 diabetes mellitus	2.42e-05	0.000664	CbGpPWpGaD
Repaglinide—ALB—Platelet activation, signaling and aggregation—VAV1—type 1 diabetes mellitus	2.38e-05	0.000652	CbGpPWpGaD
Repaglinide—SLCO1B1—Metabolism—HBA2—type 1 diabetes mellitus	2.34e-05	0.000641	CbGpPWpGaD
Repaglinide—ALB—Transmembrane transport of small molecules—ABCC8—type 1 diabetes mellitus	2.33e-05	0.000637	CbGpPWpGaD
Repaglinide—ALB—Hemostasis—SELL—type 1 diabetes mellitus	2.29e-05	0.000626	CbGpPWpGaD
Repaglinide—ABCC8—Metabolism—ITPR3—type 1 diabetes mellitus	2.26e-05	0.000618	CbGpPWpGaD
Repaglinide—ALB—Selenium Micronutrient Network—IL1B—type 1 diabetes mellitus	2.23e-05	0.000611	CbGpPWpGaD
Repaglinide—SLCO1B1—Metabolism—G6PC2—type 1 diabetes mellitus	2.2e-05	0.000603	CbGpPWpGaD
Repaglinide—KCNJ11—Metabolism—ITPR3—type 1 diabetes mellitus	2.19e-05	0.000599	CbGpPWpGaD
Repaglinide—ALB—Platelet activation, signaling and aggregation—IGF2—type 1 diabetes mellitus	2.16e-05	0.000591	CbGpPWpGaD
Repaglinide—PPARG—Adipogenesis—IL6—type 1 diabetes mellitus	2.13e-05	0.000582	CbGpPWpGaD
Repaglinide—ABCC8—Metabolism—HBA1—type 1 diabetes mellitus	2.12e-05	0.000581	CbGpPWpGaD
Repaglinide—ABCC8—Metabolism—APOC3—type 1 diabetes mellitus	2.11e-05	0.000578	CbGpPWpGaD
Repaglinide—CYP3A4—Biological oxidations—GSTT1—type 1 diabetes mellitus	2.11e-05	0.000578	CbGpPWpGaD
Repaglinide—ABCC8—Metabolism—GSTT1—type 1 diabetes mellitus	2.07e-05	0.000568	CbGpPWpGaD
Repaglinide—KCNJ11—Metabolism—HBA1—type 1 diabetes mellitus	2.06e-05	0.000564	CbGpPWpGaD
Repaglinide—KCNJ11—Metabolism—APOC3—type 1 diabetes mellitus	2.05e-05	0.00056	CbGpPWpGaD
Repaglinide—ALB—Folate Metabolism—TNF—type 1 diabetes mellitus	2.04e-05	0.000558	CbGpPWpGaD
Repaglinide—ALB—Vitamin B12 Metabolism—IL6—type 1 diabetes mellitus	2.02e-05	0.000554	CbGpPWpGaD
Repaglinide—SLCO1B1—SLC-mediated transmembrane transport—ALB—type 1 diabetes mellitus	2.02e-05	0.000552	CbGpPWpGaD
Repaglinide—KCNJ11—Metabolism—GSTT1—type 1 diabetes mellitus	2.01e-05	0.00055	CbGpPWpGaD
Repaglinide—PPARG—Metabolism—KCNJ11—type 1 diabetes mellitus	1.92e-05	0.000525	CbGpPWpGaD
Repaglinide—SLCO1B1—Metabolism—ABCC8—type 1 diabetes mellitus	1.91e-05	0.000523	CbGpPWpGaD
Repaglinide—PPARG—Developmental Biology—CDK4—type 1 diabetes mellitus	1.88e-05	0.000514	CbGpPWpGaD
Repaglinide—ABCC8—Transmembrane transport of small molecules—ALB—type 1 diabetes mellitus	1.82e-05	0.000497	CbGpPWpGaD
Repaglinide—ALB—Platelet activation, signaling and aggregation—IL2RA—type 1 diabetes mellitus	1.82e-05	0.000497	CbGpPWpGaD
Repaglinide—ALB—Hemostasis—ITPR3—type 1 diabetes mellitus	1.79e-05	0.000491	CbGpPWpGaD
Repaglinide—ALB—Transmembrane transport of small molecules—SLC18A2—type 1 diabetes mellitus	1.78e-05	0.000488	CbGpPWpGaD
Repaglinide—ALB—Hemostasis—SH2B3—type 1 diabetes mellitus	1.69e-05	0.000462	CbGpPWpGaD
Repaglinide—PPARG—Developmental Biology—INS—type 1 diabetes mellitus	1.67e-05	0.000458	CbGpPWpGaD
Repaglinide—ABCC8—Metabolism—GCG—type 1 diabetes mellitus	1.65e-05	0.000452	CbGpPWpGaD
Repaglinide—ALB—Folate Metabolism—IL6—type 1 diabetes mellitus	1.65e-05	0.00045	CbGpPWpGaD
Repaglinide—ALB—Transmembrane transport of small molecules—CP—type 1 diabetes mellitus	1.64e-05	0.000449	CbGpPWpGaD
Repaglinide—ALB—Transmembrane transport of small molecules—SLC11A1—type 1 diabetes mellitus	1.63e-05	0.000445	CbGpPWpGaD
Repaglinide—ALB—Selenium Micronutrient Network—TNF—type 1 diabetes mellitus	1.62e-05	0.000443	CbGpPWpGaD
Repaglinide—PPARG—Metabolism—ITPR3—type 1 diabetes mellitus	1.62e-05	0.000443	CbGpPWpGaD
Repaglinide—KCNJ11—Metabolism—GCG—type 1 diabetes mellitus	1.6e-05	0.000438	CbGpPWpGaD
Repaglinide—CYP2C8—Metabolism of lipids and lipoproteins—APOC3—type 1 diabetes mellitus	1.54e-05	0.000421	CbGpPWpGaD
Repaglinide—ALB—Metabolism of lipids and lipoproteins—APOC3—type 1 diabetes mellitus	1.53e-05	0.000418	CbGpPWpGaD
Repaglinide—PPARG—Metabolism—HBA1—type 1 diabetes mellitus	1.52e-05	0.000417	CbGpPWpGaD
Repaglinide—PPARG—Metabolism—APOC3—type 1 diabetes mellitus	1.51e-05	0.000414	CbGpPWpGaD
Repaglinide—SLCO1B1—Metabolism—KCNJ11—type 1 diabetes mellitus	1.51e-05	0.000413	CbGpPWpGaD
Repaglinide—PPARG—Circadian rythm related genes—IL6—type 1 diabetes mellitus	1.5e-05	0.000411	CbGpPWpGaD
Repaglinide—PPARG—Developmental Biology—TYK2—type 1 diabetes mellitus	1.49e-05	0.000409	CbGpPWpGaD
Repaglinide—PPARG—Metabolism—GSTT1—type 1 diabetes mellitus	1.49e-05	0.000407	CbGpPWpGaD
Repaglinide—ABCC8—Metabolism—CAT—type 1 diabetes mellitus	1.4e-05	0.000383	CbGpPWpGaD
Repaglinide—ALB—Platelet activation, signaling and aggregation—IGF1—type 1 diabetes mellitus	1.39e-05	0.000379	CbGpPWpGaD
Repaglinide—PPARG—Metabolism of lipids and lipoproteins—ALB—type 1 diabetes mellitus	1.37e-05	0.000375	CbGpPWpGaD
Repaglinide—KCNJ11—Metabolism—CAT—type 1 diabetes mellitus	1.36e-05	0.000371	CbGpPWpGaD
Repaglinide—ALB—Hemostasis—NOS1—type 1 diabetes mellitus	1.35e-05	0.00037	CbGpPWpGaD
Repaglinide—CYP2C8—Metabolism—HBA2—type 1 diabetes mellitus	1.35e-05	0.000368	CbGpPWpGaD
Repaglinide—ALB—Metabolism—HBA2—type 1 diabetes mellitus	1.34e-05	0.000366	CbGpPWpGaD
Repaglinide—ALB—Selenium Micronutrient Network—IL6—type 1 diabetes mellitus	1.31e-05	0.000358	CbGpPWpGaD
Repaglinide—SLCO1B1—Metabolism—ITPR3—type 1 diabetes mellitus	1.27e-05	0.000349	CbGpPWpGaD
Repaglinide—CYP2C8—Metabolism—G6PC2—type 1 diabetes mellitus	1.27e-05	0.000346	CbGpPWpGaD
Repaglinide—ALB—Hemostasis—PRKCQ—type 1 diabetes mellitus	1.26e-05	0.000346	CbGpPWpGaD
Repaglinide—ALB—Metabolism—G6PC2—type 1 diabetes mellitus	1.26e-05	0.000344	CbGpPWpGaD
Repaglinide—PPARG—Gene Expression—VDR—type 1 diabetes mellitus	1.25e-05	0.000343	CbGpPWpGaD
Repaglinide—ALB—Hemostasis—VAV1—type 1 diabetes mellitus	1.23e-05	0.000336	CbGpPWpGaD
Repaglinide—SLCO1B1—Metabolism—HBA1—type 1 diabetes mellitus	1.2e-05	0.000328	CbGpPWpGaD
Repaglinide—SLCO1B1—Metabolism—APOC3—type 1 diabetes mellitus	1.19e-05	0.000326	CbGpPWpGaD
Repaglinide—PPARG—Metabolism—GCG—type 1 diabetes mellitus	1.18e-05	0.000324	CbGpPWpGaD
Repaglinide—SLCO1B1—Metabolism—GSTT1—type 1 diabetes mellitus	1.17e-05	0.00032	CbGpPWpGaD
Repaglinide—ALB—Hemostasis—IGF2—type 1 diabetes mellitus	1.11e-05	0.000304	CbGpPWpGaD
Repaglinide—CYP2C8—Metabolism—ABCC8—type 1 diabetes mellitus	1.1e-05	0.0003	CbGpPWpGaD
Repaglinide—ALB—Metabolism—ABCC8—type 1 diabetes mellitus	1.09e-05	0.000299	CbGpPWpGaD
Repaglinide—SLCO1B1—Metabolism of lipids and lipoproteins—ALB—type 1 diabetes mellitus	1.08e-05	0.000295	CbGpPWpGaD
Repaglinide—ALB—Platelet activation, signaling and aggregation—IL2—type 1 diabetes mellitus	1.06e-05	0.000291	CbGpPWpGaD
Repaglinide—PPARG—Developmental Biology—STAT3—type 1 diabetes mellitus	1.05e-05	0.000286	CbGpPWpGaD
Repaglinide—SLCO1B1—Transmembrane transport of small molecules—ALB—type 1 diabetes mellitus	1.03e-05	0.000281	CbGpPWpGaD
Repaglinide—PPARG—Metabolism—CAT—type 1 diabetes mellitus	1e-05	0.000274	CbGpPWpGaD
Repaglinide—PPARG—Developmental Biology—EGFR—type 1 diabetes mellitus	9.51e-06	0.00026	CbGpPWpGaD
Repaglinide—ALB—Hemostasis—IL2RA—type 1 diabetes mellitus	9.36e-06	0.000256	CbGpPWpGaD
Repaglinide—SLCO1B1—Metabolism—GCG—type 1 diabetes mellitus	9.32e-06	0.000255	CbGpPWpGaD
Repaglinide—ABCC8—Metabolism—INS—type 1 diabetes mellitus	9.28e-06	0.000254	CbGpPWpGaD
Repaglinide—PPARG—Developmental Biology—TNF—type 1 diabetes mellitus	9.06e-06	0.000248	CbGpPWpGaD
Repaglinide—KCNJ11—Metabolism—INS—type 1 diabetes mellitus	9e-06	0.000246	CbGpPWpGaD
Repaglinide—CYP2C8—Metabolism—KCNJ11—type 1 diabetes mellitus	8.67e-06	0.000237	CbGpPWpGaD
Repaglinide—ALB—Metabolism—KCNJ11—type 1 diabetes mellitus	8.62e-06	0.000236	CbGpPWpGaD
Repaglinide—ABCC8—Metabolism—ALB—type 1 diabetes mellitus	8.51e-06	0.000233	CbGpPWpGaD
Repaglinide—KCNJ11—Metabolism—ALB—type 1 diabetes mellitus	8.25e-06	0.000226	CbGpPWpGaD
Repaglinide—ABCC8—Metabolism—NOS3—type 1 diabetes mellitus	8.14e-06	0.000223	CbGpPWpGaD
Repaglinide—ALB—Hemostasis—NOS2—type 1 diabetes mellitus	8.05e-06	0.00022	CbGpPWpGaD
Repaglinide—KCNJ11—Metabolism—NOS3—type 1 diabetes mellitus	7.89e-06	0.000216	CbGpPWpGaD
Repaglinide—SLCO1B1—Metabolism—CAT—type 1 diabetes mellitus	7.89e-06	0.000216	CbGpPWpGaD
Repaglinide—CYP2C8—Metabolism—ITPR3—type 1 diabetes mellitus	7.32e-06	0.0002	CbGpPWpGaD
Repaglinide—PPARG—Developmental Biology—IL6—type 1 diabetes mellitus	7.31e-06	0.0002	CbGpPWpGaD
Repaglinide—ALB—Metabolism—ITPR3—type 1 diabetes mellitus	7.28e-06	0.000199	CbGpPWpGaD
Repaglinide—CYP3A4—Metabolism—HBA2—type 1 diabetes mellitus	7.22e-06	0.000198	CbGpPWpGaD
Repaglinide—ALB—Hemostasis—IGF1—type 1 diabetes mellitus	7.14e-06	0.000195	CbGpPWpGaD
Repaglinide—CYP2C8—Metabolism—HBA1—type 1 diabetes mellitus	6.89e-06	0.000189	CbGpPWpGaD
Repaglinide—ALB—Metabolism—HBA1—type 1 diabetes mellitus	6.85e-06	0.000187	CbGpPWpGaD
Repaglinide—CYP2C8—Metabolism—APOC3—type 1 diabetes mellitus	6.85e-06	0.000187	CbGpPWpGaD
Repaglinide—ALB—Metabolism—APOC3—type 1 diabetes mellitus	6.81e-06	0.000186	CbGpPWpGaD
Repaglinide—CYP3A4—Metabolism—G6PC2—type 1 diabetes mellitus	6.79e-06	0.000186	CbGpPWpGaD
Repaglinide—CYP2C8—Metabolism—GSTT1—type 1 diabetes mellitus	6.72e-06	0.000184	CbGpPWpGaD
Repaglinide—ALB—Metabolism—GSTT1—type 1 diabetes mellitus	6.69e-06	0.000183	CbGpPWpGaD
Repaglinide—PPARG—Metabolism—INS—type 1 diabetes mellitus	6.65e-06	0.000182	CbGpPWpGaD
Repaglinide—ALB—Hemostasis—NOS3—type 1 diabetes mellitus	6.47e-06	0.000177	CbGpPWpGaD
Repaglinide—CYP2C8—Metabolism of lipids and lipoproteins—ALB—type 1 diabetes mellitus	6.2e-06	0.00017	CbGpPWpGaD
Repaglinide—PPARG—Metabolism—ALB—type 1 diabetes mellitus	6.1e-06	0.000167	CbGpPWpGaD
Repaglinide—CYP3A4—Metabolism—ABCC8—type 1 diabetes mellitus	5.89e-06	0.000161	CbGpPWpGaD
Repaglinide—PPARG—Metabolism—NOS3—type 1 diabetes mellitus	5.83e-06	0.00016	CbGpPWpGaD
Repaglinide—ALB—Hemostasis—IL2—type 1 diabetes mellitus	5.49e-06	0.00015	CbGpPWpGaD
Repaglinide—CYP2C8—Metabolism—GCG—type 1 diabetes mellitus	5.36e-06	0.000147	CbGpPWpGaD
Repaglinide—ALB—Metabolism—GCG—type 1 diabetes mellitus	5.33e-06	0.000146	CbGpPWpGaD
Repaglinide—SLCO1B1—Metabolism—INS—type 1 diabetes mellitus	5.24e-06	0.000143	CbGpPWpGaD
Repaglinide—SLCO1B1—Metabolism—ALB—type 1 diabetes mellitus	4.8e-06	0.000131	CbGpPWpGaD
Repaglinide—CYP3A4—Metabolism—KCNJ11—type 1 diabetes mellitus	4.65e-06	0.000127	CbGpPWpGaD
Repaglinide—SLCO1B1—Metabolism—NOS3—type 1 diabetes mellitus	4.59e-06	0.000126	CbGpPWpGaD
Repaglinide—CYP2C8—Metabolism—CAT—type 1 diabetes mellitus	4.53e-06	0.000124	CbGpPWpGaD
Repaglinide—ALB—Metabolism—CAT—type 1 diabetes mellitus	4.51e-06	0.000123	CbGpPWpGaD
Repaglinide—CYP3A4—Metabolism—ITPR3—type 1 diabetes mellitus	3.93e-06	0.000108	CbGpPWpGaD
Repaglinide—CYP3A4—Metabolism—HBA1—type 1 diabetes mellitus	3.7e-06	0.000101	CbGpPWpGaD
Repaglinide—CYP3A4—Metabolism—APOC3—type 1 diabetes mellitus	3.67e-06	0.000101	CbGpPWpGaD
Repaglinide—CYP3A4—Metabolism—GSTT1—type 1 diabetes mellitus	3.61e-06	9.88e-05	CbGpPWpGaD
Repaglinide—CYP2C8—Metabolism—INS—type 1 diabetes mellitus	3.01e-06	8.24e-05	CbGpPWpGaD
Repaglinide—ALB—Metabolism—INS—type 1 diabetes mellitus	2.99e-06	8.19e-05	CbGpPWpGaD
Repaglinide—CYP3A4—Metabolism—GCG—type 1 diabetes mellitus	2.88e-06	7.87e-05	CbGpPWpGaD
Repaglinide—CYP2C8—Metabolism—ALB—type 1 diabetes mellitus	2.76e-06	7.55e-05	CbGpPWpGaD
Repaglinide—CYP2C8—Metabolism—NOS3—type 1 diabetes mellitus	2.64e-06	7.23e-05	CbGpPWpGaD
Repaglinide—ALB—Metabolism—NOS3—type 1 diabetes mellitus	2.62e-06	7.18e-05	CbGpPWpGaD
Repaglinide—CYP3A4—Metabolism—CAT—type 1 diabetes mellitus	2.43e-06	6.66e-05	CbGpPWpGaD
Repaglinide—CYP3A4—Metabolism—INS—type 1 diabetes mellitus	1.62e-06	4.42e-05	CbGpPWpGaD
Repaglinide—CYP3A4—Metabolism—ALB—type 1 diabetes mellitus	1.48e-06	4.05e-05	CbGpPWpGaD
Repaglinide—CYP3A4—Metabolism—NOS3—type 1 diabetes mellitus	1.42e-06	3.88e-05	CbGpPWpGaD
