nodes	percent_of_prediction	percent_of_DWPC	metapath
Chloramphenicol—CYP3A5—Disulfiram—alcohol dependence	0.219	0.343	CbGbCtD
Chloramphenicol—CYP2C9—Disulfiram—alcohol dependence	0.147	0.23	CbGbCtD
Chloramphenicol—CYP2C19—Citalopram—alcohol dependence	0.126	0.197	CbGbCtD
Chloramphenicol—CYP3A4—Disulfiram—alcohol dependence	0.0855	0.134	CbGbCtD
Chloramphenicol—CYP3A4—Citalopram—alcohol dependence	0.0609	0.0954	CbGbCtD
Chloramphenicol—Neuritis—Disulfiram—alcohol dependence	0.0102	0.0727	CcSEcCtD
Chloramphenicol—Endophthalmitis—Acamprosate—alcohol dependence	0.00785	0.0562	CcSEcCtD
Chloramphenicol—Eye swelling—Citalopram—alcohol dependence	0.00688	0.0492	CcSEcCtD
Chloramphenicol—CD55—forebrain—alcohol dependence	0.00513	0.0724	CbGeAlD
Chloramphenicol—CD55—adrenal cortex—alcohol dependence	0.00476	0.0671	CbGeAlD
Chloramphenicol—CD55—cardiovascular system—alcohol dependence	0.00434	0.0612	CbGeAlD
Chloramphenicol—CD55—pancreas—alcohol dependence	0.00422	0.0595	CbGeAlD
Chloramphenicol—Neuropathy peripheral—Disulfiram—alcohol dependence	0.00416	0.0298	CcSEcCtD
Chloramphenicol—Delirium—Naltrexone—alcohol dependence	0.00411	0.0294	CcSEcCtD
Chloramphenicol—CD55—digestive system—alcohol dependence	0.0036	0.0508	CbGeAlD
Chloramphenicol—CD55—blood—alcohol dependence	0.00343	0.0484	CbGeAlD
Chloramphenicol—Rash maculo-papular—Acamprosate—alcohol dependence	0.0034	0.0243	CcSEcCtD
Chloramphenicol—CD55—midbrain—alcohol dependence	0.00339	0.0478	CbGeAlD
Chloramphenicol—Burning sensation—Citalopram—alcohol dependence	0.00323	0.0231	CcSEcCtD
Chloramphenicol—Cyanosis—Citalopram—alcohol dependence	0.00317	0.0227	CcSEcCtD
Chloramphenicol—CD55—endocrine gland—alcohol dependence	0.00298	0.042	CbGeAlD
Chloramphenicol—CD55—testis—alcohol dependence	0.00284	0.04	CbGeAlD
Chloramphenicol—CD55—nervous system—alcohol dependence	0.00279	0.0393	CbGeAlD
Chloramphenicol—CD55—liver—alcohol dependence	0.00268	0.0379	CbGeAlD
Chloramphenicol—CD55—central nervous system—alcohol dependence	0.00268	0.0378	CbGeAlD
Chloramphenicol—Eye irritation—Citalopram—alcohol dependence	0.00262	0.0188	CcSEcCtD
Chloramphenicol—CD55—cerebellum—alcohol dependence	0.00262	0.037	CbGeAlD
Chloramphenicol—Delirium—Citalopram—alcohol dependence	0.00261	0.0186	CcSEcCtD
Chloramphenicol—Glossitis—Citalopram—alcohol dependence	0.00243	0.0174	CcSEcCtD
Chloramphenicol—Drug interaction—Citalopram—alcohol dependence	0.00242	0.0173	CcSEcCtD
Chloramphenicol—Abdominal distension—Acamprosate—alcohol dependence	0.00236	0.0169	CcSEcCtD
Chloramphenicol—Pain—Disulfiram—alcohol dependence	0.00232	0.0166	CcSEcCtD
Chloramphenicol—CD55—brain—alcohol dependence	0.00213	0.03	CbGeAlD
Chloramphenicol—Aplastic anaemia—Citalopram—alcohol dependence	0.0021	0.0151	CcSEcCtD
Chloramphenicol—Stomatitis—Acamprosate—alcohol dependence	0.00204	0.0146	CcSEcCtD
Chloramphenicol—Rash maculo-papular—Citalopram—alcohol dependence	0.00204	0.0146	CcSEcCtD
Chloramphenicol—CYP3A7—endocrine gland—alcohol dependence	0.00184	0.026	CbGeAlD
Chloramphenicol—Rash—Disulfiram—alcohol dependence	0.00171	0.0122	CcSEcCtD
Chloramphenicol—Headache—Disulfiram—alcohol dependence	0.0017	0.0121	CcSEcCtD
Chloramphenicol—Immune system disorder—Acamprosate—alcohol dependence	0.0017	0.0121	CcSEcCtD
Chloramphenicol—CYP3A7—liver—alcohol dependence	0.00166	0.0234	CbGeAlD
Chloramphenicol—Eye disorder—Naltrexone—alcohol dependence	0.00166	0.0119	CcSEcCtD
Chloramphenicol—Immune system disorder—Naltrexone—alcohol dependence	0.0016	0.0115	CcSEcCtD
Chloramphenicol—Angioedema—Acamprosate—alcohol dependence	0.00149	0.0107	CcSEcCtD
Chloramphenicol—Leukopenia—Acamprosate—alcohol dependence	0.00146	0.0105	CcSEcCtD
Chloramphenicol—Abdominal distension—Citalopram—alcohol dependence	0.00142	0.0101	CcSEcCtD
Chloramphenicol—CYP3A7-CYP3A51P—liver—alcohol dependence	0.00141	0.0199	CbGeAlD
Chloramphenicol—Angioedema—Naltrexone—alcohol dependence	0.00141	0.0101	CcSEcCtD
Chloramphenicol—Unspecified disorder of skin and subcutaneous tissue—Acamprosate—alcohol dependence	0.00138	0.00989	CcSEcCtD
Chloramphenicol—Confusional state—Acamprosate—alcohol dependence	0.00134	0.00962	CcSEcCtD
Chloramphenicol—Pancytopenia—Citalopram—alcohol dependence	0.00134	0.00955	CcSEcCtD
Chloramphenicol—Anaphylactic shock—Acamprosate—alcohol dependence	0.00133	0.00954	CcSEcCtD
Chloramphenicol—Shock—Acamprosate—alcohol dependence	0.00131	0.00939	CcSEcCtD
Chloramphenicol—Unspecified disorder of skin and subcutaneous tissue—Naltrexone—alcohol dependence	0.00131	0.00935	CcSEcCtD
Chloramphenicol—Thrombocytopenia—Acamprosate—alcohol dependence	0.00131	0.00934	CcSEcCtD
Chloramphenicol—Skin disorder—Acamprosate—alcohol dependence	0.0013	0.00927	CcSEcCtD
Chloramphenicol—Confusional state—Naltrexone—alcohol dependence	0.00127	0.0091	CcSEcCtD
Chloramphenicol—Anaphylactic shock—Naltrexone—alcohol dependence	0.00126	0.00903	CcSEcCtD
Chloramphenicol—Shock—Naltrexone—alcohol dependence	0.00124	0.00888	CcSEcCtD
Chloramphenicol—Nervous system disorder—Naltrexone—alcohol dependence	0.00124	0.00886	CcSEcCtD
Chloramphenicol—Neuropathy peripheral—Citalopram—alcohol dependence	0.00123	0.00879	CcSEcCtD
Chloramphenicol—Skin disorder—Naltrexone—alcohol dependence	0.00123	0.00877	CcSEcCtD
Chloramphenicol—Stomatitis—Citalopram—alcohol dependence	0.00122	0.00874	CcSEcCtD
Chloramphenicol—SLC22A6—brain—alcohol dependence	0.00117	0.0166	CbGeAlD
Chloramphenicol—Agranulocytosis—Citalopram—alcohol dependence	0.00117	0.00837	CcSEcCtD
Chloramphenicol—Gastrointestinal disorder—Acamprosate—alcohol dependence	0.00115	0.00824	CcSEcCtD
Chloramphenicol—Pain—Acamprosate—alcohol dependence	0.00114	0.00816	CcSEcCtD
Chloramphenicol—Feeling abnormal—Acamprosate—alcohol dependence	0.0011	0.00786	CcSEcCtD
Chloramphenicol—Gastrointestinal disorder—Naltrexone—alcohol dependence	0.00109	0.0078	CcSEcCtD
Chloramphenicol—Pain—Naltrexone—alcohol dependence	0.00108	0.00772	CcSEcCtD
Chloramphenicol—Urticaria—Acamprosate—alcohol dependence	0.00106	0.00758	CcSEcCtD
Chloramphenicol—Body temperature increased—Acamprosate—alcohol dependence	0.00105	0.00754	CcSEcCtD
Chloramphenicol—Eye disorder—Citalopram—alcohol dependence	0.00105	0.00753	CcSEcCtD
Chloramphenicol—Feeling abnormal—Naltrexone—alcohol dependence	0.00104	0.00744	CcSEcCtD
Chloramphenicol—Immune system disorder—Citalopram—alcohol dependence	0.00102	0.00727	CcSEcCtD
Chloramphenicol—Urticaria—Naltrexone—alcohol dependence	0.001	0.00717	CcSEcCtD
Chloramphenicol—Body temperature increased—Naltrexone—alcohol dependence	0.000998	0.00714	CcSEcCtD
Chloramphenicol—CYP2C19—digestive system—alcohol dependence	0.000997	0.0141	CbGeAlD
Chloramphenicol—Hypersensitivity—Acamprosate—alcohol dependence	0.000983	0.00703	CcSEcCtD
Chloramphenicol—CYP2C19—blood—alcohol dependence	0.00095	0.0134	CbGeAlD
Chloramphenicol—Pruritus—Acamprosate—alcohol dependence	0.000944	0.00675	CcSEcCtD
Chloramphenicol—CYP2C9—cardiovascular system—alcohol dependence	0.000931	0.0131	CbGeAlD
Chloramphenicol—Hypersensitivity—Naltrexone—alcohol dependence	0.00093	0.00665	CcSEcCtD
Chloramphenicol—CYP3A5—pancreas—alcohol dependence	0.00092	0.013	CbGeAlD
Chloramphenicol—Diarrhoea—Acamprosate—alcohol dependence	0.000913	0.00653	CcSEcCtD
Chloramphenicol—Angioedema—Citalopram—alcohol dependence	0.000895	0.00641	CcSEcCtD
Chloramphenicol—Pruritus—Naltrexone—alcohol dependence	0.000893	0.00639	CcSEcCtD
Chloramphenicol—Leukopenia—Citalopram—alcohol dependence	0.000877	0.00628	CcSEcCtD
Chloramphenicol—Diarrhoea—Naltrexone—alcohol dependence	0.000863	0.00618	CcSEcCtD
Chloramphenicol—Vomiting—Acamprosate—alcohol dependence	0.000848	0.00607	CcSEcCtD
Chloramphenicol—Rash—Acamprosate—alcohol dependence	0.000841	0.00602	CcSEcCtD
Chloramphenicol—Dermatitis—Acamprosate—alcohol dependence	0.00084	0.00601	CcSEcCtD
Chloramphenicol—Headache—Acamprosate—alcohol dependence	0.000836	0.00598	CcSEcCtD
Chloramphenicol—CYP2C8—blood—alcohol dependence	0.000829	0.0117	CbGeAlD
Chloramphenicol—Unspecified disorder of skin and subcutaneous tissue—Citalopram—alcohol dependence	0.000828	0.00593	CcSEcCtD
Chloramphenicol—CYP2C19—endocrine gland—alcohol dependence	0.000824	0.0116	CbGeAlD
Chloramphenicol—Confusional state—Citalopram—alcohol dependence	0.000806	0.00577	CcSEcCtD
Chloramphenicol—Vomiting—Naltrexone—alcohol dependence	0.000802	0.00574	CcSEcCtD
Chloramphenicol—Anaphylactic shock—Citalopram—alcohol dependence	0.0008	0.00572	CcSEcCtD
Chloramphenicol—Rash—Naltrexone—alcohol dependence	0.000796	0.00569	CcSEcCtD
Chloramphenicol—Dermatitis—Naltrexone—alcohol dependence	0.000795	0.00569	CcSEcCtD
Chloramphenicol—Nausea—Acamprosate—alcohol dependence	0.000792	0.00567	CcSEcCtD
Chloramphenicol—Headache—Naltrexone—alcohol dependence	0.000791	0.00566	CcSEcCtD
Chloramphenicol—Shock—Citalopram—alcohol dependence	0.000787	0.00563	CcSEcCtD
Chloramphenicol—CYP3A5—digestive system—alcohol dependence	0.000785	0.0111	CbGeAlD
Chloramphenicol—Nervous system disorder—Citalopram—alcohol dependence	0.000784	0.00561	CcSEcCtD
Chloramphenicol—Thrombocytopenia—Citalopram—alcohol dependence	0.000783	0.0056	CcSEcCtD
Chloramphenicol—Skin disorder—Citalopram—alcohol dependence	0.000777	0.00556	CcSEcCtD
Chloramphenicol—CYP2C9—digestive system—alcohol dependence	0.000773	0.0109	CbGeAlD
Chloramphenicol—Nausea—Naltrexone—alcohol dependence	0.00075	0.00536	CcSEcCtD
Chloramphenicol—CYP3A5—blood—alcohol dependence	0.000748	0.0105	CbGeAlD
Chloramphenicol—CYP2C19—liver—alcohol dependence	0.000743	0.0105	CbGeAlD
Chloramphenicol—CYP2C9—blood—alcohol dependence	0.000736	0.0104	CbGeAlD
Chloramphenicol—CYP2C8—endocrine gland—alcohol dependence	0.000719	0.0101	CbGeAlD
Chloramphenicol—Gastrointestinal disorder—Citalopram—alcohol dependence	0.00069	0.00494	CcSEcCtD
Chloramphenicol—CYP2C8—testis—alcohol dependence	0.000686	0.00967	CbGeAlD
Chloramphenicol—Pain—Citalopram—alcohol dependence	0.000684	0.00489	CcSEcCtD
Chloramphenicol—Feeling abnormal—Citalopram—alcohol dependence	0.000659	0.00471	CcSEcCtD
Chloramphenicol—CYP3A5—endocrine gland—alcohol dependence	0.000649	0.00915	CbGeAlD
Chloramphenicol—CYP2C8—liver—alcohol dependence	0.000648	0.00914	CbGeAlD
Chloramphenicol—CYP2C9—endocrine gland—alcohol dependence	0.000639	0.00901	CbGeAlD
Chloramphenicol—Urticaria—Citalopram—alcohol dependence	0.000635	0.00455	CcSEcCtD
Chloramphenicol—Body temperature increased—Citalopram—alcohol dependence	0.000632	0.00452	CcSEcCtD
Chloramphenicol—CYP3A4—digestive system—alcohol dependence	0.000589	0.00831	CbGeAlD
Chloramphenicol—Hypersensitivity—Citalopram—alcohol dependence	0.000589	0.00422	CcSEcCtD
Chloramphenicol—CYP3A5—liver—alcohol dependence	0.000585	0.00825	CbGeAlD
Chloramphenicol—CYP2C9—liver—alcohol dependence	0.000576	0.00812	CbGeAlD
Chloramphenicol—Pruritus—Citalopram—alcohol dependence	0.000566	0.00405	CcSEcCtD
Chloramphenicol—CYP3A4—blood—alcohol dependence	0.000562	0.00792	CbGeAlD
Chloramphenicol—Diarrhoea—Citalopram—alcohol dependence	0.000547	0.00391	CcSEcCtD
Chloramphenicol—CYP2C8—brain—alcohol dependence	0.000514	0.00725	CbGeAlD
Chloramphenicol—Vomiting—Citalopram—alcohol dependence	0.000508	0.00364	CcSEcCtD
Chloramphenicol—Rash—Citalopram—alcohol dependence	0.000504	0.00361	CcSEcCtD
Chloramphenicol—Dermatitis—Citalopram—alcohol dependence	0.000504	0.0036	CcSEcCtD
Chloramphenicol—Headache—Citalopram—alcohol dependence	0.000501	0.00358	CcSEcCtD
Chloramphenicol—CYP3A5—Cytochrome P450 - arranged by substrate type—CYP2E1—alcohol dependence	0.000493	0.00326	CbGpPWpGaD
Chloramphenicol—CYP3A4—endocrine gland—alcohol dependence	0.000487	0.00687	CbGeAlD
Chloramphenicol—CYP3A5—Oxidation by Cytochrome P450—CYP2E1—alcohol dependence	0.000486	0.00322	CbGpPWpGaD
Chloramphenicol—CD55—Signaling by GPCR—CRH—alcohol dependence	0.000477	0.00316	CbGpPWpGaD
Chloramphenicol—CD55—Signaling by GPCR—HTR1B—alcohol dependence	0.000477	0.00316	CbGpPWpGaD
Chloramphenicol—Nausea—Citalopram—alcohol dependence	0.000475	0.0034	CcSEcCtD
Chloramphenicol—CYP2C19—Biological oxidations—ADH1A—alcohol dependence	0.000459	0.00304	CbGpPWpGaD
Chloramphenicol—CYP3A4—nervous system—alcohol dependence	0.000456	0.00643	CbGeAlD
Chloramphenicol—CYP3A7—Phase 1 - Functionalization of compounds—MAOA—alcohol dependence	0.000455	0.00301	CbGpPWpGaD
Chloramphenicol—CYP2C19—Phase 1 - Functionalization of compounds—MAOB—alcohol dependence	0.000454	0.00301	CbGpPWpGaD
Chloramphenicol—CYP2C8—Arachidonic acid metabolism—GGT1—alcohol dependence	0.000453	0.003	CbGpPWpGaD
Chloramphenicol—CYP3A4—Phase 1 - Functionalization of compounds—ADH4—alcohol dependence	0.000442	0.00293	CbGpPWpGaD
Chloramphenicol—CYP3A4—liver—alcohol dependence	0.000439	0.00619	CbGeAlD
Chloramphenicol—CYP3A4—central nervous system—alcohol dependence	0.000439	0.00619	CbGeAlD
Chloramphenicol—CYP2C8—Biological oxidations—ADH4—alcohol dependence	0.000438	0.0029	CbGpPWpGaD
Chloramphenicol—CYP2C8—Phase 1 - Functionalization of compounds—ALDH2—alcohol dependence	0.000433	0.00287	CbGpPWpGaD
Chloramphenicol—CYP3A7—Biological oxidations—MAOB—alcohol dependence	0.000432	0.00286	CbGpPWpGaD
Chloramphenicol—CYP3A5—Biological oxidations—ADH7—alcohol dependence	0.00043	0.00285	CbGpPWpGaD
Chloramphenicol—CYP2C8—Cytochrome P450 - arranged by substrate type—CYP2E1—alcohol dependence	0.000427	0.00283	CbGpPWpGaD
Chloramphenicol—CD55—GPCR ligand binding—POMC—alcohol dependence	0.000423	0.0028	CbGpPWpGaD
Chloramphenicol—CYP2C8—Oxidation by Cytochrome P450—CYP2E1—alcohol dependence	0.000421	0.00279	CbGpPWpGaD
Chloramphenicol—CYP2C9—Biological oxidations—ADH1A—alcohol dependence	0.000419	0.00278	CbGpPWpGaD
Chloramphenicol—CYP3A4—Tryptophan metabolism—MAOB—alcohol dependence	0.000417	0.00276	CbGpPWpGaD
Chloramphenicol—CD55—Signaling by GPCR—DRD4—alcohol dependence	0.000417	0.00276	CbGpPWpGaD
Chloramphenicol—CYP2C9—Phase 1 - Functionalization of compounds—MAOB—alcohol dependence	0.000414	0.00274	CbGpPWpGaD
Chloramphenicol—CD55—Signaling Pathways—OPRD1—alcohol dependence	0.000412	0.00273	CbGpPWpGaD
Chloramphenicol—CYP3A5—Biological oxidations—GGT2—alcohol dependence	0.000412	0.00273	CbGpPWpGaD
Chloramphenicol—CYP2C19—Arachidonic acid metabolism—GGT1—alcohol dependence	0.000405	0.00268	CbGpPWpGaD
Chloramphenicol—CYP3A5—Phase 1 - Functionalization of compounds—CYP2E1—alcohol dependence	0.000399	0.00265	CbGpPWpGaD
Chloramphenicol—CD55—Signaling by GPCR—CNR1—alcohol dependence	0.000398	0.00264	CbGpPWpGaD
Chloramphenicol—CD55—Signaling Pathways—PDYN—alcohol dependence	0.000395	0.00262	CbGpPWpGaD
Chloramphenicol—CYP2C19—Biological oxidations—ADH4—alcohol dependence	0.000391	0.00259	CbGpPWpGaD
Chloramphenicol—CD55—Signaling by GPCR—DRD2—alcohol dependence	0.000388	0.00257	CbGpPWpGaD
Chloramphenicol—CD55—Signaling by GPCR—HTR7—alcohol dependence	0.000388	0.00257	CbGpPWpGaD
Chloramphenicol—CYP2C19—Phase 1 - Functionalization of compounds—ALDH2—alcohol dependence	0.000386	0.00256	CbGpPWpGaD
Chloramphenicol—CYP2C19—Cytochrome P450 - arranged by substrate type—CYP2E1—alcohol dependence	0.000381	0.00252	CbGpPWpGaD
Chloramphenicol—CYP3A5—Biological oxidations—ADH1B—alcohol dependence	0.000377	0.0025	CbGpPWpGaD
Chloramphenicol—CYP3A4—Phase 1 - Functionalization of compounds—ADH7—alcohol dependence	0.000376	0.00249	CbGpPWpGaD
Chloramphenicol—CYP2C19—Oxidation by Cytochrome P450—CYP2E1—alcohol dependence	0.000376	0.00249	CbGpPWpGaD
Chloramphenicol—CYP2C8—Biological oxidations—ADH7—alcohol dependence	0.000372	0.00247	CbGpPWpGaD
Chloramphenicol—CYP2C9—Arachidonic acid metabolism—GGT1—alcohol dependence	0.000369	0.00244	CbGpPWpGaD
Chloramphenicol—CD55—Signaling Pathways—WASF2—alcohol dependence	0.000367	0.00243	CbGpPWpGaD
Chloramphenicol—CD55—Signaling Pathways—CRHR1—alcohol dependence	0.000367	0.00243	CbGpPWpGaD
Chloramphenicol—CYP3A7—Biological oxidations—ALDH2—alcohol dependence	0.000367	0.00243	CbGpPWpGaD
Chloramphenicol—CYP3A7—Cytochrome P450 - arranged by substrate type—POMC—alcohol dependence	0.000365	0.00242	CbGpPWpGaD
Chloramphenicol—CYP3A4—Nuclear Receptors in Lipid Metabolism and Toxicity—CYP2E1—alcohol dependence	0.000361	0.00239	CbGpPWpGaD
Chloramphenicol—CYP2C8—Biological oxidations—GGT2—alcohol dependence	0.000357	0.00236	CbGpPWpGaD
Chloramphenicol—CYP2C9—Biological oxidations—ADH4—alcohol dependence	0.000356	0.00236	CbGpPWpGaD
Chloramphenicol—CYP3A4—Tryptophan metabolism—ALDH2—alcohol dependence	0.000354	0.00235	CbGpPWpGaD
Chloramphenicol—CYP2C9—Phase 1 - Functionalization of compounds—ALDH2—alcohol dependence	0.000352	0.00233	CbGpPWpGaD
Chloramphenicol—CD55—Signaling Pathways—WASF1—alcohol dependence	0.000352	0.00233	CbGpPWpGaD
Chloramphenicol—CYP2C9—Cytochrome P450 - arranged by substrate type—CYP2E1—alcohol dependence	0.000347	0.0023	CbGpPWpGaD
Chloramphenicol—CYP2C8—Phase 1 - Functionalization of compounds—CYP2E1—alcohol dependence	0.000346	0.00229	CbGpPWpGaD
Chloramphenicol—CD55—Signaling Pathways—CHRM2—alcohol dependence	0.000345	0.00229	CbGpPWpGaD
Chloramphenicol—CYP2C9—Oxidation by Cytochrome P450—CYP2E1—alcohol dependence	0.000343	0.00227	CbGpPWpGaD
Chloramphenicol—CYP3A4—Biological oxidations—ADH6—alcohol dependence	0.000333	0.00221	CbGpPWpGaD
Chloramphenicol—CYP2C19—Biological oxidations—ADH7—alcohol dependence	0.000332	0.0022	CbGpPWpGaD
Chloramphenicol—CYP3A4—Phase 1 - Functionalization of compounds—ADH1B—alcohol dependence	0.00033	0.00218	CbGpPWpGaD
Chloramphenicol—CYP3A5—Phase 1 - Functionalization of compounds—MAOA—alcohol dependence	0.000329	0.00218	CbGpPWpGaD
Chloramphenicol—CD55—Signaling by GPCR—AVP—alcohol dependence	0.000327	0.00216	CbGpPWpGaD
Chloramphenicol—CYP2C8—Biological oxidations—ADH1B—alcohol dependence	0.000326	0.00216	CbGpPWpGaD
Chloramphenicol—CYP2C19—Biological oxidations—GGT2—alcohol dependence	0.000318	0.00211	CbGpPWpGaD
Chloramphenicol—CD55—Signaling Pathways—OPRM1—alcohol dependence	0.000317	0.0021	CbGpPWpGaD
Chloramphenicol—CYP3A5—Biological oxidations—MAOB—alcohol dependence	0.000312	0.00207	CbGpPWpGaD
Chloramphenicol—CYP2C19—Phase 1 - Functionalization of compounds—CYP2E1—alcohol dependence	0.000309	0.00205	CbGpPWpGaD
Chloramphenicol—CYP2C9—Biological oxidations—ADH7—alcohol dependence	0.000303	0.00201	CbGpPWpGaD
Chloramphenicol—CYP3A7—Phase 1 - Functionalization of compounds—POMC—alcohol dependence	0.000296	0.00196	CbGpPWpGaD
Chloramphenicol—CYP3A7—Biological oxidations—CYP2E1—alcohol dependence	0.000294	0.00194	CbGpPWpGaD
Chloramphenicol—CD55—Signaling Pathways—NPY—alcohol dependence	0.000292	0.00193	CbGpPWpGaD
Chloramphenicol—CYP2C19—Biological oxidations—ADH1B—alcohol dependence	0.000291	0.00193	CbGpPWpGaD
Chloramphenicol—CYP2C9—Biological oxidations—GGT2—alcohol dependence	0.00029	0.00192	CbGpPWpGaD
Chloramphenicol—CYP3A7—Metapathway biotransformation—CYP2E1—alcohol dependence	0.000289	0.00192	CbGpPWpGaD
Chloramphenicol—CYP2C8—Phase 1 - Functionalization of compounds—MAOA—alcohol dependence	0.000285	0.00189	CbGpPWpGaD
Chloramphenicol—CYP3A4—Tryptophan metabolism—CYP2E1—alcohol dependence	0.000283	0.00188	CbGpPWpGaD
Chloramphenicol—CYP2C9—Phase 1 - Functionalization of compounds—CYP2E1—alcohol dependence	0.000282	0.00187	CbGpPWpGaD
Chloramphenicol—CD55—Signaling Pathways—HTR1B—alcohol dependence	0.000282	0.00187	CbGpPWpGaD
Chloramphenicol—CD55—Signaling Pathways—CRH—alcohol dependence	0.000282	0.00187	CbGpPWpGaD
Chloramphenicol—CYP3A4—Biological oxidations—ADH1A—alcohol dependence	0.000276	0.00183	CbGpPWpGaD
Chloramphenicol—CYP3A4—Phase 1 - Functionalization of compounds—MAOB—alcohol dependence	0.000273	0.00181	CbGpPWpGaD
Chloramphenicol—CD55—Signaling by GPCR—HTR2A—alcohol dependence	0.000272	0.0018	CbGpPWpGaD
Chloramphenicol—CYP2C8—Biological oxidations—MAOB—alcohol dependence	0.00027	0.00179	CbGpPWpGaD
Chloramphenicol—CYP3A7—Biological oxidations—GGT1—alcohol dependence	0.000269	0.00179	CbGpPWpGaD
Chloramphenicol—CYP2C9—Biological oxidations—ADH1B—alcohol dependence	0.000266	0.00176	CbGpPWpGaD
Chloramphenicol—CYP3A5—Biological oxidations—ALDH2—alcohol dependence	0.000265	0.00176	CbGpPWpGaD
Chloramphenicol—CYP3A5—Cytochrome P450 - arranged by substrate type—POMC—alcohol dependence	0.000264	0.00175	CbGpPWpGaD
Chloramphenicol—SLC22A6—Transmembrane transport of small molecules—GABRB1—alcohol dependence	0.00026	0.00172	CbGpPWpGaD
Chloramphenicol—CYP2C19—Phase 1 - Functionalization of compounds—MAOA—alcohol dependence	0.000254	0.00168	CbGpPWpGaD
Chloramphenicol—SLC22A6—SLC-mediated transmembrane transport—SLC6A3—alcohol dependence	0.000246	0.00163	CbGpPWpGaD
Chloramphenicol—CD55—Signaling Pathways—DRD4—alcohol dependence	0.000246	0.00163	CbGpPWpGaD
Chloramphenicol—CYP3A7—Biological oxidations—MAOA—alcohol dependence	0.000241	0.0016	CbGpPWpGaD
Chloramphenicol—CYP2C19—Biological oxidations—MAOB—alcohol dependence	0.000241	0.0016	CbGpPWpGaD
Chloramphenicol—CD55—Signaling Pathways—CNR1—alcohol dependence	0.000235	0.00156	CbGpPWpGaD
Chloramphenicol—CYP3A4—Biological oxidations—ADH4—alcohol dependence	0.000235	0.00156	CbGpPWpGaD
Chloramphenicol—CYP3A4—Phase 1 - Functionalization of compounds—ALDH2—alcohol dependence	0.000232	0.00154	CbGpPWpGaD
Chloramphenicol—CYP2C9—Phase 1 - Functionalization of compounds—MAOA—alcohol dependence	0.000232	0.00153	CbGpPWpGaD
Chloramphenicol—CYP2C8—Biological oxidations—ALDH2—alcohol dependence	0.00023	0.00152	CbGpPWpGaD
Chloramphenicol—CD55—Signaling Pathways—HTR7—alcohol dependence	0.000229	0.00152	CbGpPWpGaD
Chloramphenicol—CD55—Signaling Pathways—DRD2—alcohol dependence	0.000229	0.00152	CbGpPWpGaD
Chloramphenicol—CYP3A4—Cytochrome P450 - arranged by substrate type—CYP2E1—alcohol dependence	0.000229	0.00152	CbGpPWpGaD
Chloramphenicol—CYP2C8—Cytochrome P450 - arranged by substrate type—POMC—alcohol dependence	0.000229	0.00151	CbGpPWpGaD
Chloramphenicol—CYP3A4—Oxidation by Cytochrome P450—CYP2E1—alcohol dependence	0.000226	0.0015	CbGpPWpGaD
Chloramphenicol—CD55—Innate Immune System—EP300—alcohol dependence	0.000226	0.0015	CbGpPWpGaD
Chloramphenicol—SLC22A6—Transmembrane transport of small molecules—GABRA2—alcohol dependence	0.000221	0.00146	CbGpPWpGaD
Chloramphenicol—CYP2C9—Biological oxidations—MAOB—alcohol dependence	0.00022	0.00146	CbGpPWpGaD
Chloramphenicol—CD55—Signaling by GPCR—POMC—alcohol dependence	0.000217	0.00144	CbGpPWpGaD
Chloramphenicol—CYP3A5—Phase 1 - Functionalization of compounds—POMC—alcohol dependence	0.000214	0.00142	CbGpPWpGaD
Chloramphenicol—CYP3A5—Biological oxidations—CYP2E1—alcohol dependence	0.000212	0.00141	CbGpPWpGaD
Chloramphenicol—CYP3A5—Metapathway biotransformation—CYP2E1—alcohol dependence	0.000209	0.00139	CbGpPWpGaD
Chloramphenicol—CYP2C19—Biological oxidations—ALDH2—alcohol dependence	0.000205	0.00136	CbGpPWpGaD
Chloramphenicol—CYP2C19—Cytochrome P450 - arranged by substrate type—POMC—alcohol dependence	0.000204	0.00135	CbGpPWpGaD
Chloramphenicol—SLC22A6—SLC-mediated transmembrane transport—AVP—alcohol dependence	0.000204	0.00135	CbGpPWpGaD
Chloramphenicol—CYP3A4—Biological oxidations—ADH7—alcohol dependence	0.0002	0.00132	CbGpPWpGaD
Chloramphenicol—CYP3A5—Biological oxidations—GGT1—alcohol dependence	0.000195	0.00129	CbGpPWpGaD
Chloramphenicol—CD55—Signaling Pathways—AVP—alcohol dependence	0.000193	0.00128	CbGpPWpGaD
Chloramphenicol—CYP3A4—Biological oxidations—GGT2—alcohol dependence	0.000191	0.00127	CbGpPWpGaD
Chloramphenicol—CYP2C9—Biological oxidations—ALDH2—alcohol dependence	0.000187	0.00124	CbGpPWpGaD
Chloramphenicol—CYP2C9—Cytochrome P450 - arranged by substrate type—POMC—alcohol dependence	0.000186	0.00123	CbGpPWpGaD
Chloramphenicol—CYP3A4—Phase 1 - Functionalization of compounds—CYP2E1—alcohol dependence	0.000186	0.00123	CbGpPWpGaD
Chloramphenicol—CYP2C8—Phase 1 - Functionalization of compounds—POMC—alcohol dependence	0.000185	0.00123	CbGpPWpGaD
Chloramphenicol—CYP2C8—Biological oxidations—CYP2E1—alcohol dependence	0.000184	0.00122	CbGpPWpGaD
Chloramphenicol—CYP2C8—Metapathway biotransformation—CYP2E1—alcohol dependence	0.000181	0.0012	CbGpPWpGaD
Chloramphenicol—CYP3A4—Biological oxidations—ADH1B—alcohol dependence	0.000175	0.00116	CbGpPWpGaD
Chloramphenicol—CYP3A5—Biological oxidations—MAOA—alcohol dependence	0.000175	0.00116	CbGpPWpGaD
Chloramphenicol—CYP3A7—Metabolism—ADH6—alcohol dependence	0.00017	0.00112	CbGpPWpGaD
Chloramphenicol—CYP2C8—Biological oxidations—GGT1—alcohol dependence	0.000169	0.00112	CbGpPWpGaD
Chloramphenicol—CYP2C19—Phase 1 - Functionalization of compounds—POMC—alcohol dependence	0.000165	0.0011	CbGpPWpGaD
Chloramphenicol—CYP2C19—Biological oxidations—CYP2E1—alcohol dependence	0.000164	0.00109	CbGpPWpGaD
Chloramphenicol—CYP2C19—Metapathway biotransformation—CYP2E1—alcohol dependence	0.000162	0.00107	CbGpPWpGaD
Chloramphenicol—CD55—Signaling Pathways—HTR2A—alcohol dependence	0.000161	0.00106	CbGpPWpGaD
Chloramphenicol—CYP3A7—Biological oxidations—POMC—alcohol dependence	0.000157	0.00104	CbGpPWpGaD
Chloramphenicol—CYP3A4—Phase 1 - Functionalization of compounds—MAOA—alcohol dependence	0.000153	0.00101	CbGpPWpGaD
Chloramphenicol—CYP2C8—Biological oxidations—MAOA—alcohol dependence	0.000151	0.001	CbGpPWpGaD
Chloramphenicol—CYP2C9—Phase 1 - Functionalization of compounds—POMC—alcohol dependence	0.000151	0.000999	CbGpPWpGaD
Chloramphenicol—CYP2C19—Biological oxidations—GGT1—alcohol dependence	0.000151	0.000998	CbGpPWpGaD
Chloramphenicol—CYP2C9—Biological oxidations—CYP2E1—alcohol dependence	0.00015	0.000991	CbGpPWpGaD
Chloramphenicol—CYP2C9—Metapathway biotransformation—CYP2E1—alcohol dependence	0.000148	0.000977	CbGpPWpGaD
Chloramphenicol—CYP3A4—Biological oxidations—MAOB—alcohol dependence	0.000145	0.000961	CbGpPWpGaD
Chloramphenicol—CYP3A7—Metabolism—ADH1A—alcohol dependence	0.000141	0.000931	CbGpPWpGaD
Chloramphenicol—CYP2C9—Biological oxidations—GGT1—alcohol dependence	0.000137	0.00091	CbGpPWpGaD
Chloramphenicol—CYP2C19—Biological oxidations—MAOA—alcohol dependence	0.000135	0.000894	CbGpPWpGaD
Chloramphenicol—CD55—Immune System—EP300—alcohol dependence	0.000132	0.000872	CbGpPWpGaD
Chloramphenicol—CD55—Signaling Pathways—POMC—alcohol dependence	0.000128	0.00085	CbGpPWpGaD
Chloramphenicol—SLC22A6—Transmembrane transport of small molecules—SLC6A3—alcohol dependence	0.000125	0.000829	CbGpPWpGaD
Chloramphenicol—CYP3A4—Biological oxidations—ALDH2—alcohol dependence	0.000123	0.000817	CbGpPWpGaD
Chloramphenicol—CYP2C9—Biological oxidations—MAOA—alcohol dependence	0.000123	0.000815	CbGpPWpGaD
Chloramphenicol—CYP3A4—Cytochrome P450 - arranged by substrate type—POMC—alcohol dependence	0.000123	0.000813	CbGpPWpGaD
Chloramphenicol—CYP3A5—Metabolism—ADH6—alcohol dependence	0.000123	0.000812	CbGpPWpGaD
Chloramphenicol—CYP3A7—Metabolism—ADH4—alcohol dependence	0.00012	0.000792	CbGpPWpGaD
Chloramphenicol—CYP3A5—Biological oxidations—POMC—alcohol dependence	0.000114	0.000753	CbGpPWpGaD
Chloramphenicol—CYP2C8—Metabolism—ADH6—alcohol dependence	0.000106	0.000704	CbGpPWpGaD
Chloramphenicol—SLC22A6—Transmembrane transport of small molecules—AVP—alcohol dependence	0.000103	0.000685	CbGpPWpGaD
Chloramphenicol—CYP3A7—Metabolism—ADH7—alcohol dependence	0.000102	0.000673	CbGpPWpGaD
Chloramphenicol—CYP3A5—Metabolism—ADH1A—alcohol dependence	0.000102	0.000673	CbGpPWpGaD
Chloramphenicol—CYP3A4—Phase 1 - Functionalization of compounds—POMC—alcohol dependence	9.95e-05	0.000659	CbGpPWpGaD
Chloramphenicol—CYP3A4—Biological oxidations—CYP2E1—alcohol dependence	9.86e-05	0.000654	CbGpPWpGaD
Chloramphenicol—CYP2C8—Biological oxidations—POMC—alcohol dependence	9.84e-05	0.000652	CbGpPWpGaD
Chloramphenicol—CYP3A7—Metabolism—GGT2—alcohol dependence	9.74e-05	0.000646	CbGpPWpGaD
Chloramphenicol—CYP3A4—Metapathway biotransformation—CYP2E1—alcohol dependence	9.73e-05	0.000645	CbGpPWpGaD
Chloramphenicol—CYP2C19—Metabolism—ADH6—alcohol dependence	9.48e-05	0.000628	CbGpPWpGaD
Chloramphenicol—CYP3A4—Biological oxidations—GGT1—alcohol dependence	9.06e-05	0.0006	CbGpPWpGaD
Chloramphenicol—CYP3A7—Metabolism—ADH1B—alcohol dependence	8.91e-05	0.00059	CbGpPWpGaD
Chloramphenicol—CYP2C8—Metabolism—ADH1A—alcohol dependence	8.8e-05	0.000583	CbGpPWpGaD
Chloramphenicol—CYP2C19—Biological oxidations—POMC—alcohol dependence	8.79e-05	0.000582	CbGpPWpGaD
Chloramphenicol—CYP2C9—Metabolism—ADH6—alcohol dependence	8.64e-05	0.000573	CbGpPWpGaD
Chloramphenicol—CYP3A5—Metabolism—ADH4—alcohol dependence	8.64e-05	0.000572	CbGpPWpGaD
Chloramphenicol—CD55—Signaling Pathways—EP300—alcohol dependence	8.51e-05	0.000564	CbGpPWpGaD
Chloramphenicol—CYP3A4—Biological oxidations—MAOA—alcohol dependence	8.12e-05	0.000538	CbGpPWpGaD
Chloramphenicol—CYP2C9—Biological oxidations—POMC—alcohol dependence	8.01e-05	0.000531	CbGpPWpGaD
Chloramphenicol—CYP2C19—Metabolism—ADH1A—alcohol dependence	7.86e-05	0.00052	CbGpPWpGaD
Chloramphenicol—CYP2C8—Metabolism—ADH4—alcohol dependence	7.48e-05	0.000496	CbGpPWpGaD
Chloramphenicol—CYP3A7—Metabolism—MAOB—alcohol dependence	7.38e-05	0.000489	CbGpPWpGaD
Chloramphenicol—CYP3A5—Metabolism—ADH7—alcohol dependence	7.35e-05	0.000487	CbGpPWpGaD
Chloramphenicol—CYP2C9—Metabolism—ADH1A—alcohol dependence	7.16e-05	0.000475	CbGpPWpGaD
Chloramphenicol—CYP3A5—Metabolism—GGT2—alcohol dependence	7.04e-05	0.000467	CbGpPWpGaD
Chloramphenicol—CYP2C19—Metabolism—ADH4—alcohol dependence	6.68e-05	0.000443	CbGpPWpGaD
Chloramphenicol—CYP2C8—Metabolism of lipids and lipoproteins—GGT1—alcohol dependence	6.48e-05	0.000429	CbGpPWpGaD
Chloramphenicol—CYP3A5—Metabolism—ADH1B—alcohol dependence	6.44e-05	0.000427	CbGpPWpGaD
Chloramphenicol—CYP2C8—Metabolism—ADH7—alcohol dependence	6.36e-05	0.000422	CbGpPWpGaD
Chloramphenicol—CYP3A7—Metabolism—ALDH2—alcohol dependence	6.28e-05	0.000416	CbGpPWpGaD
Chloramphenicol—CYP2C8—Metabolism—GGT2—alcohol dependence	6.1e-05	0.000404	CbGpPWpGaD
Chloramphenicol—CYP2C9—Metabolism—ADH4—alcohol dependence	6.09e-05	0.000404	CbGpPWpGaD
Chloramphenicol—CYP2C19—Metabolism of lipids and lipoproteins—GGT1—alcohol dependence	5.78e-05	0.000383	CbGpPWpGaD
Chloramphenicol—CYP3A4—Metabolism—ADH6—alcohol dependence	5.7e-05	0.000378	CbGpPWpGaD
Chloramphenicol—CYP2C19—Metabolism—ADH7—alcohol dependence	5.68e-05	0.000376	CbGpPWpGaD
Chloramphenicol—CYP2C8—Metabolism—ADH1B—alcohol dependence	5.58e-05	0.00037	CbGpPWpGaD
Chloramphenicol—CYP2C19—Metabolism—GGT2—alcohol dependence	5.45e-05	0.000361	CbGpPWpGaD
Chloramphenicol—CYP3A7—Metabolism—GOT2—alcohol dependence	5.34e-05	0.000354	CbGpPWpGaD
Chloramphenicol—CYP3A5—Metabolism—MAOB—alcohol dependence	5.34e-05	0.000354	CbGpPWpGaD
Chloramphenicol—CYP3A4—Biological oxidations—POMC—alcohol dependence	5.28e-05	0.00035	CbGpPWpGaD
Chloramphenicol—CYP2C9—Metabolism of lipids and lipoproteins—GGT1—alcohol dependence	5.27e-05	0.000349	CbGpPWpGaD
Chloramphenicol—CYP2C9—Metabolism—ADH7—alcohol dependence	5.18e-05	0.000343	CbGpPWpGaD
Chloramphenicol—CYP3A7—Metabolism—CYP2E1—alcohol dependence	5.02e-05	0.000333	CbGpPWpGaD
Chloramphenicol—CYP2C19—Metabolism—ADH1B—alcohol dependence	4.98e-05	0.00033	CbGpPWpGaD
Chloramphenicol—CYP2C9—Metabolism—GGT2—alcohol dependence	4.96e-05	0.000329	CbGpPWpGaD
Chloramphenicol—CYP3A4—Metabolism—ADH1A—alcohol dependence	4.72e-05	0.000313	CbGpPWpGaD
Chloramphenicol—CYP2C8—Metabolism—MAOB—alcohol dependence	4.62e-05	0.000306	CbGpPWpGaD
Chloramphenicol—CYP3A7—Metabolism—GGT1—alcohol dependence	4.61e-05	0.000305	CbGpPWpGaD
Chloramphenicol—CYP3A7—Metabolism—GOT1—alcohol dependence	4.61e-05	0.000305	CbGpPWpGaD
Chloramphenicol—CYP2C9—Metabolism—ADH1B—alcohol dependence	4.54e-05	0.000301	CbGpPWpGaD
Chloramphenicol—CYP3A5—Metabolism—ALDH2—alcohol dependence	4.54e-05	0.000301	CbGpPWpGaD
Chloramphenicol—CYP3A7—Metabolism—MAOA—alcohol dependence	4.13e-05	0.000274	CbGpPWpGaD
Chloramphenicol—CYP2C19—Metabolism—MAOB—alcohol dependence	4.13e-05	0.000273	CbGpPWpGaD
Chloramphenicol—CYP3A4—Metabolism—ADH4—alcohol dependence	4.02e-05	0.000266	CbGpPWpGaD
Chloramphenicol—CYP2C8—Metabolism—ALDH2—alcohol dependence	3.93e-05	0.00026	CbGpPWpGaD
Chloramphenicol—CYP3A5—Metabolism—GOT2—alcohol dependence	3.86e-05	0.000256	CbGpPWpGaD
Chloramphenicol—CYP2C8—Metabolism of lipids and lipoproteins—POMC—alcohol dependence	3.78e-05	0.00025	CbGpPWpGaD
Chloramphenicol—CYP2C9—Metabolism—MAOB—alcohol dependence	3.76e-05	0.000249	CbGpPWpGaD
Chloramphenicol—CYP3A5—Metabolism—CYP2E1—alcohol dependence	3.63e-05	0.00024	CbGpPWpGaD
Chloramphenicol—CYP2C19—Metabolism—ALDH2—alcohol dependence	3.51e-05	0.000232	CbGpPWpGaD
Chloramphenicol—CYP3A4—Metabolism—ADH7—alcohol dependence	3.42e-05	0.000226	CbGpPWpGaD
Chloramphenicol—CYP2C19—Metabolism of lipids and lipoproteins—POMC—alcohol dependence	3.37e-05	0.000224	CbGpPWpGaD
Chloramphenicol—CYP2C8—Metabolism—GOT2—alcohol dependence	3.34e-05	0.000221	CbGpPWpGaD
Chloramphenicol—CYP3A5—Metabolism—GGT1—alcohol dependence	3.33e-05	0.000221	CbGpPWpGaD
Chloramphenicol—CYP3A5—Metabolism—GOT1—alcohol dependence	3.33e-05	0.000221	CbGpPWpGaD
Chloramphenicol—CYP3A4—Metabolism—GGT2—alcohol dependence	3.27e-05	0.000217	CbGpPWpGaD
Chloramphenicol—CYP2C9—Metabolism—ALDH2—alcohol dependence	3.2e-05	0.000212	CbGpPWpGaD
Chloramphenicol—CYP2C8—Metabolism—CYP2E1—alcohol dependence	3.14e-05	0.000208	CbGpPWpGaD
Chloramphenicol—CYP2C9—Metabolism of lipids and lipoproteins—POMC—alcohol dependence	3.08e-05	0.000204	CbGpPWpGaD
Chloramphenicol—CYP3A4—Metabolism—ADH1B—alcohol dependence	2.99e-05	0.000198	CbGpPWpGaD
Chloramphenicol—CYP3A5—Metabolism—MAOA—alcohol dependence	2.99e-05	0.000198	CbGpPWpGaD
Chloramphenicol—CYP2C19—Metabolism—GOT2—alcohol dependence	2.98e-05	0.000198	CbGpPWpGaD
Chloramphenicol—CYP2C8—Metabolism—GGT1—alcohol dependence	2.89e-05	0.000191	CbGpPWpGaD
Chloramphenicol—CYP2C8—Metabolism—GOT1—alcohol dependence	2.89e-05	0.000191	CbGpPWpGaD
Chloramphenicol—CYP2C19—Metabolism—CYP2E1—alcohol dependence	2.81e-05	0.000186	CbGpPWpGaD
Chloramphenicol—CYP2C9—Metabolism—GOT2—alcohol dependence	2.72e-05	0.00018	CbGpPWpGaD
Chloramphenicol—CYP3A7—Metabolism—POMC—alcohol dependence	2.69e-05	0.000178	CbGpPWpGaD
Chloramphenicol—CYP2C8—Metabolism—MAOA—alcohol dependence	2.59e-05	0.000171	CbGpPWpGaD
Chloramphenicol—CYP2C19—Metabolism—GOT1—alcohol dependence	2.58e-05	0.000171	CbGpPWpGaD
Chloramphenicol—CYP2C19—Metabolism—GGT1—alcohol dependence	2.58e-05	0.000171	CbGpPWpGaD
Chloramphenicol—CYP2C9—Metabolism—CYP2E1—alcohol dependence	2.56e-05	0.000169	CbGpPWpGaD
Chloramphenicol—CYP2C8—Metabolism of lipids and lipoproteins—EP300—alcohol dependence	2.51e-05	0.000166	CbGpPWpGaD
Chloramphenicol—CYP3A4—Metabolism—MAOB—alcohol dependence	2.48e-05	0.000164	CbGpPWpGaD
Chloramphenicol—CYP2C9—Metabolism—GGT1—alcohol dependence	2.35e-05	0.000156	CbGpPWpGaD
Chloramphenicol—CYP2C9—Metabolism—GOT1—alcohol dependence	2.35e-05	0.000156	CbGpPWpGaD
Chloramphenicol—CYP2C19—Metabolism—MAOA—alcohol dependence	2.31e-05	0.000153	CbGpPWpGaD
Chloramphenicol—CYP2C19—Metabolism of lipids and lipoproteins—EP300—alcohol dependence	2.24e-05	0.000148	CbGpPWpGaD
Chloramphenicol—CYP3A4—Metabolism—ALDH2—alcohol dependence	2.11e-05	0.00014	CbGpPWpGaD
Chloramphenicol—CYP2C9—Metabolism—MAOA—alcohol dependence	2.1e-05	0.000139	CbGpPWpGaD
Chloramphenicol—CYP2C9—Metabolism of lipids and lipoproteins—EP300—alcohol dependence	2.04e-05	0.000135	CbGpPWpGaD
Chloramphenicol—CYP3A5—Metabolism—POMC—alcohol dependence	1.94e-05	0.000129	CbGpPWpGaD
Chloramphenicol—CYP3A4—Metabolism—GOT2—alcohol dependence	1.79e-05	0.000119	CbGpPWpGaD
Chloramphenicol—CYP3A7—Metabolism—EP300—alcohol dependence	1.78e-05	0.000118	CbGpPWpGaD
Chloramphenicol—CYP3A4—Metabolism—CYP2E1—alcohol dependence	1.69e-05	0.000112	CbGpPWpGaD
Chloramphenicol—CYP2C8—Metabolism—POMC—alcohol dependence	1.68e-05	0.000112	CbGpPWpGaD
Chloramphenicol—CYP3A4—Metabolism—GOT1—alcohol dependence	1.55e-05	0.000103	CbGpPWpGaD
Chloramphenicol—CYP3A4—Metabolism—GGT1—alcohol dependence	1.55e-05	0.000103	CbGpPWpGaD
Chloramphenicol—CYP2C19—Metabolism—POMC—alcohol dependence	1.5e-05	9.96e-05	CbGpPWpGaD
Chloramphenicol—CYP3A4—Metabolism—MAOA—alcohol dependence	1.39e-05	9.2e-05	CbGpPWpGaD
Chloramphenicol—CYP2C9—Metabolism—POMC—alcohol dependence	1.37e-05	9.08e-05	CbGpPWpGaD
Chloramphenicol—CYP3A5—Metabolism—EP300—alcohol dependence	1.29e-05	8.54e-05	CbGpPWpGaD
Chloramphenicol—CYP2C8—Metabolism—EP300—alcohol dependence	1.12e-05	7.4e-05	CbGpPWpGaD
Chloramphenicol—CYP2C19—Metabolism—EP300—alcohol dependence	9.97e-06	6.6e-05	CbGpPWpGaD
Chloramphenicol—CYP2C9—Metabolism—EP300—alcohol dependence	9.09e-06	6.02e-05	CbGpPWpGaD
Chloramphenicol—CYP3A4—Metabolism—POMC—alcohol dependence	9.04e-06	5.99e-05	CbGpPWpGaD
Chloramphenicol—CYP3A4—Metabolism—EP300—alcohol dependence	5.99e-06	3.97e-05	CbGpPWpGaD
