nodes	percent_of_prediction	percent_of_DWPC	metapath
Salsalate—Labetalol—hypertension	0.315	1	CrCtD
Salsalate—PTGS1—hypertension	0.108	0.636	CbGaD
Salsalate—PTGS2—hypertension	0.0615	0.364	CbGaD
Salsalate—Deferasirox—Telmisartan—hypertension	0.041	0.163	CrCrCtD
Salsalate—Deferasirox—Candesartan—hypertension	0.041	0.163	CrCrCtD
Salsalate—PTGS1—Minoxidil—hypertension	0.0362	0.227	CbGbCtD
Salsalate—PTGS1—Torasemide—hypertension	0.0331	0.208	CbGbCtD
Salsalate—PTGS1—Candesartan—hypertension	0.0308	0.193	CbGbCtD
Salsalate—PTGS2—Bumetanide—hypertension	0.023	0.144	CbGbCtD
Salsalate—PTGS1—Irbesartan—hypertension	0.019	0.119	CbGbCtD
Salsalate—PTGS1—Carvedilol—hypertension	0.0171	0.108	CbGbCtD
Salsalate—Fenoprofen—Bumetanide—hypertension	0.0145	0.0577	CrCrCtD
Salsalate—Propafenone—Carvedilol—hypertension	0.0141	0.0562	CrCrCtD
Salsalate—Oxcarbazepine—Indapamide—hypertension	0.0141	0.0559	CrCrCtD
Salsalate—Salicylamide—Labetalol—hypertension	0.0137	0.0545	CrCrCtD
Salsalate—Propafenone—Quinapril—hypertension	0.0112	0.0446	CrCrCtD
Salsalate—Propafenone—Esmolol—hypertension	0.0112	0.0446	CrCrCtD
Salsalate—Propafenone—Benazepril—hypertension	0.0109	0.0436	CrCrCtD
Salsalate—Labetalol—Quinapril—hypertension	0.01	0.0399	CrCrCtD
Salsalate—Labetalol—Benazepril—hypertension	0.00979	0.0389	CrCrCtD
Salsalate—Propafenone—Labetalol—hypertension	0.0097	0.0386	CrCrCtD
Salsalate—Oxybenzone—Labetalol—hypertension	0.00933	0.0371	CrCrCtD
Salsalate—Flurbiprofen—Labetalol—hypertension	0.00868	0.0345	CrCrCtD
Salsalate—Ketoprofen—Labetalol—hypertension	0.00812	0.0323	CrCrCtD
Salsalate—Fenoprofen—Labetalol—hypertension	0.00721	0.0287	CrCrCtD
Salsalate—Propafenone—Propranolol—hypertension	0.0067	0.0267	CrCrCtD
Salsalate—Benzyl Benzoate—Bepridil—hypertension	0.00512	0.0204	CrCrCtD
Salsalate—Benzyl Benzoate—Benazepril—hypertension	0.00487	0.0194	CrCrCtD
Salsalate—PTGS2—nephron—hypertension	0.000812	0.122	CbGeAlD
Salsalate—PTGS2—hindlimb—hypertension	0.000739	0.111	CbGeAlD
Salsalate—PTGS1—artery—hypertension	0.000474	0.0709	CbGeAlD
Salsalate—PTGS2—artery—hypertension	0.000453	0.0678	CbGeAlD
Salsalate—PTGS1—endothelium—hypertension	0.0004	0.0599	CbGeAlD
Salsalate—PTGS2—endothelium—hypertension	0.000383	0.0573	CbGeAlD
Salsalate—PTGS1—blood vessel—hypertension	0.000369	0.0553	CbGeAlD
Salsalate—PTGS2—blood vessel—hypertension	0.000353	0.0528	CbGeAlD
Salsalate—PTGS1—myocardium—hypertension	0.00025	0.0374	CbGeAlD
Salsalate—Acetylsalicylic acid—IKBKB—hypertension	0.000197	0.0855	CrCbGaD
Salsalate—PTGS1—heart—hypertension	0.000175	0.0261	CbGeAlD
Salsalate—PTGS1—smooth muscle tissue—hypertension	0.000173	0.0259	CbGeAlD
Salsalate—PTGS2—adrenal cortex—hypertension	0.000172	0.0258	CbGeAlD
Salsalate—PTGS2—heart—hypertension	0.000167	0.025	CbGeAlD
Salsalate—PTGS2—smooth muscle tissue—hypertension	0.000165	0.0248	CbGeAlD
Salsalate—PTGS1—cardiovascular system—hypertension	0.000165	0.0246	CbGeAlD
Salsalate—PTGS1—kidney—hypertension	0.000161	0.0241	CbGeAlD
Salsalate—PTGS2—cardiovascular system—hypertension	0.000157	0.0236	CbGeAlD
Salsalate—PTGS2—kidney—hypertension	0.000154	0.0231	CbGeAlD
Salsalate—PTGS1—cardiac atrium—hypertension	0.000149	0.0223	CbGeAlD
Salsalate—PTGS2—medulla oblongata—hypertension	0.000134	0.0201	CbGeAlD
Salsalate—PTGS1—adrenal gland—hypertension	0.00013	0.0195	CbGeAlD
Salsalate—PTGS2—adrenal gland—hypertension	0.000124	0.0186	CbGeAlD
Salsalate—Trisalicylate-choline—PTGS1—hypertension	0.000113	0.0491	CrCbGaD
Salsalate—PTGS1—endocrine gland—hypertension	0.000113	0.0169	CbGeAlD
Salsalate—Olsalazine—ALOX5—hypertension	0.000111	0.0483	CrCbGaD
Salsalate—PTGS2—endocrine gland—hypertension	0.000108	0.0162	CbGeAlD
Salsalate—PTGS1—central nervous system—hypertension	0.000102	0.0152	CbGeAlD
Salsalate—PTGS2—central nervous system—hypertension	9.73e-05	0.0146	CbGeAlD
Salsalate—Acetylsalicylic acid—EDNRA—hypertension	9.63e-05	0.0418	CrCbGaD
Salsalate—Carbamazepine—RALBP1—hypertension	9.46e-05	0.041	CrCbGaD
Salsalate—Meclofenamic acid—ALOX5—hypertension	9.33e-05	0.0404	CrCbGaD
Salsalate—Acetylsalicylic acid—TP53—hypertension	8.73e-05	0.0379	CrCbGaD
Salsalate—Angioedema—Hydrochlorothiazide—hypertension	7.41e-05	0.00118	CcSEcCtD
Salsalate—Nausea—Benazepril—hypertension	7.41e-05	0.00118	CcSEcCtD
Salsalate—Diarrhoea—Eprosartan—hypertension	7.4e-05	0.00118	CcSEcCtD
Salsalate—Nausea—Nadolol—hypertension	7.38e-05	0.00117	CcSEcCtD
Salsalate—Vertigo—Perindopril—hypertension	7.37e-05	0.00117	CcSEcCtD
Salsalate—Vertigo—Irbesartan—hypertension	7.35e-05	0.00117	CcSEcCtD
Salsalate—Rash—Terazosin—hypertension	7.29e-05	0.00116	CcSEcCtD
Salsalate—Vertigo—Hydrochlorothiazide—hypertension	7.29e-05	0.00116	CcSEcCtD
Salsalate—Dermatitis—Terazosin—hypertension	7.28e-05	0.00116	CcSEcCtD
Salsalate—Nausea—Isradipine—hypertension	7.26e-05	0.00115	CcSEcCtD
Salsalate—Hypotension—Valsartan—hypertension	7.26e-05	0.00115	CcSEcCtD
Salsalate—Nausea—Guanfacine—hypertension	7.24e-05	0.00115	CcSEcCtD
Salsalate—Hypotension—Olmesartan—hypertension	7.22e-05	0.00115	CcSEcCtD
Salsalate—Nausea—Nicardipine—hypertension	7.21e-05	0.00115	CcSEcCtD
Salsalate—Urticaria—Propranolol—hypertension	7.2e-05	0.00114	CcSEcCtD
Salsalate—Anaphylactic shock—Enalapril—hypertension	7.19e-05	0.00114	CcSEcCtD
Salsalate—Diarrhoea—Amlodipine—hypertension	7.19e-05	0.00114	CcSEcCtD
Salsalate—Diarrhoea—Nisoldipine—hypertension	7.19e-05	0.00114	CcSEcCtD
Salsalate—Gastrointestinal pain—Indapamide—hypertension	7.18e-05	0.00114	CcSEcCtD
Salsalate—Abdominal pain—Propranolol—hypertension	7.17e-05	0.00114	CcSEcCtD
Salsalate—Vertigo—Furosemide—hypertension	7.17e-05	0.00114	CcSEcCtD
Salsalate—Nausea—Metolazone—hypertension	7.13e-05	0.00113	CcSEcCtD
Salsalate—Nausea—Felodipine—hypertension	7.13e-05	0.00113	CcSEcCtD
Salsalate—Gastrointestinal pain—Carvedilol—hypertension	7.11e-05	0.00113	CcSEcCtD
Salsalate—Rash—Acebutolol—hypertension	7.11e-05	0.00113	CcSEcCtD
Salsalate—Nausea—Spironolactone—hypertension	7.11e-05	0.00113	CcSEcCtD
Salsalate—Dermatitis—Acebutolol—hypertension	7.1e-05	0.00113	CcSEcCtD
Salsalate—Vertigo—Betaxolol—hypertension	7.09e-05	0.00113	CcSEcCtD
Salsalate—Anaphylactic shock—Telmisartan—hypertension	7.09e-05	0.00113	CcSEcCtD
Salsalate—Tinnitus—Ramipril—hypertension	7.07e-05	0.00112	CcSEcCtD
Salsalate—Rash—Labetalol—hypertension	7.04e-05	0.00112	CcSEcCtD
Salsalate—Dermatitis—Labetalol—hypertension	7.04e-05	0.00112	CcSEcCtD
Salsalate—Angioedema—Losartan—hypertension	7.03e-05	0.00112	CcSEcCtD
Salsalate—Gastrointestinal pain—Doxazosin—hypertension	7.03e-05	0.00112	CcSEcCtD
Salsalate—Urticaria—Diltiazem—hypertension	6.97e-05	0.00111	CcSEcCtD
Salsalate—Urticaria—Indapamide—hypertension	6.97e-05	0.00111	CcSEcCtD
Salsalate—Nausea—Esmolol—hypertension	6.96e-05	0.00111	CcSEcCtD
Salsalate—Gastrointestinal pain—Fosinopril—hypertension	6.94e-05	0.0011	CcSEcCtD
Salsalate—Abdominal pain—Diltiazem—hypertension	6.94e-05	0.0011	CcSEcCtD
Salsalate—Abdominal pain—Indapamide—hypertension	6.94e-05	0.0011	CcSEcCtD
Salsalate—Hypotension—Clonidine—hypertension	6.92e-05	0.0011	CcSEcCtD
Salsalate—Vertigo—Losartan—hypertension	6.91e-05	0.0011	CcSEcCtD
Salsalate—Tinnitus—Timolol—hypertension	6.91e-05	0.0011	CcSEcCtD
Salsalate—Urticaria—Carvedilol—hypertension	6.9e-05	0.0011	CcSEcCtD
Salsalate—Gastrointestinal pain—Eplerenone—hypertension	6.9e-05	0.0011	CcSEcCtD
Salsalate—Anaphylactic shock—Captopril—hypertension	6.9e-05	0.0011	CcSEcCtD
Salsalate—Hepatitis—Lisinopril—hypertension	6.87e-05	0.00109	CcSEcCtD
Salsalate—Abdominal pain—Carvedilol—hypertension	6.87e-05	0.00109	CcSEcCtD
Salsalate—Nausea—Terazosin—hypertension	6.87e-05	0.00109	CcSEcCtD
Salsalate—Salicylate-sodium—PTGS1—hypertension	6.86e-05	0.0298	CrCbGaD
Salsalate—Gastrointestinal pain—Nifedipine—hypertension	6.85e-05	0.00109	CcSEcCtD
Salsalate—Urticaria—Doxazosin—hypertension	6.83e-05	0.00109	CcSEcCtD
Salsalate—Rash—Eprosartan—hypertension	6.82e-05	0.00108	CcSEcCtD
Salsalate—Dermatitis—Eprosartan—hypertension	6.82e-05	0.00108	CcSEcCtD
Salsalate—Abdominal pain—Doxazosin—hypertension	6.79e-05	0.00108	CcSEcCtD
Salsalate—Diarrhoea—Guanabenz—hypertension	6.76e-05	0.00107	CcSEcCtD
Salsalate—Diarrhoea—Metoprolol—hypertension	6.76e-05	0.00107	CcSEcCtD
Salsalate—Hypotension—Trandolapril—hypertension	6.75e-05	0.00107	CcSEcCtD
Salsalate—Urticaria—Fosinopril—hypertension	6.74e-05	0.00107	CcSEcCtD
Salsalate—Hypotension—Enalapril—hypertension	6.72e-05	0.00107	CcSEcCtD
Salsalate—Abdominal pain—Fosinopril—hypertension	6.71e-05	0.00107	CcSEcCtD
Salsalate—Anaphylactic shock—Perindopril—hypertension	6.7e-05	0.00106	CcSEcCtD
Salsalate—Nausea—Acebutolol—hypertension	6.7e-05	0.00106	CcSEcCtD
Salsalate—Anaphylactic shock—Irbesartan—hypertension	6.67e-05	0.00106	CcSEcCtD
Salsalate—Abdominal pain—Eplerenone—hypertension	6.67e-05	0.00106	CcSEcCtD
Salsalate—Urticaria—Nifedipine—hypertension	6.66e-05	0.00106	CcSEcCtD
Salsalate—Nausea—Labetalol—hypertension	6.63e-05	0.00105	CcSEcCtD
Salsalate—Hypotension—Telmisartan—hypertension	6.63e-05	0.00105	CcSEcCtD
Salsalate—Urticaria—Verapamil—hypertension	6.63e-05	0.00105	CcSEcCtD
Salsalate—Rash—Nisoldipine—hypertension	6.62e-05	0.00105	CcSEcCtD
Salsalate—Rash—Amlodipine—hypertension	6.62e-05	0.00105	CcSEcCtD
Salsalate—Abdominal pain—Nifedipine—hypertension	6.62e-05	0.00105	CcSEcCtD
Salsalate—Anaphylactic shock—Hydrochlorothiazide—hypertension	6.62e-05	0.00105	CcSEcCtD
Salsalate—Dermatitis—Amlodipine—hypertension	6.62e-05	0.00105	CcSEcCtD
Salsalate—Dermatitis—Nisoldipine—hypertension	6.62e-05	0.00105	CcSEcCtD
Salsalate—Anaphylactic shock—Furosemide—hypertension	6.51e-05	0.00103	CcSEcCtD
Salsalate—Trisalicylate-choline—PTGS2—hypertension	6.48e-05	0.0281	CrCbGaD
Salsalate—Hypotension—Captopril—hypertension	6.44e-05	0.00102	CcSEcCtD
Salsalate—Nausea—Eprosartan—hypertension	6.43e-05	0.00102	CcSEcCtD
Salsalate—Tinnitus—Lisinopril—hypertension	6.41e-05	0.00102	CcSEcCtD
Salsalate—Olsalazine—PPARG—hypertension	6.37e-05	0.0276	CrCbGaD
Salsalate—Gastrointestinal pain—Valsartan—hypertension	6.35e-05	0.00101	CcSEcCtD
Salsalate—Gastrointestinal pain—Olmesartan—hypertension	6.32e-05	0.001	CcSEcCtD
Salsalate—Anaphylactic shock—Losartan—hypertension	6.28e-05	0.000998	CcSEcCtD
Salsalate—Hypotension—Perindopril—hypertension	6.26e-05	0.000995	CcSEcCtD
Salsalate—Nausea—Nisoldipine—hypertension	6.24e-05	0.000992	CcSEcCtD
Salsalate—Nausea—Amlodipine—hypertension	6.24e-05	0.000992	CcSEcCtD
Salsalate—Hypotension—Irbesartan—hypertension	6.24e-05	0.000991	CcSEcCtD
Salsalate—Rash—Guanabenz—hypertension	6.23e-05	0.00099	CcSEcCtD
Salsalate—Rash—Metoprolol—hypertension	6.23e-05	0.00099	CcSEcCtD
Salsalate—Dermatitis—Guanabenz—hypertension	6.22e-05	0.000989	CcSEcCtD
Salsalate—Dermatitis—Metoprolol—hypertension	6.22e-05	0.000989	CcSEcCtD
Salsalate—Ketorolac—PTGS1—hypertension	6.21e-05	0.0269	CrCbGaD
Salsalate—Diarrhoea—Propranolol—hypertension	6.2e-05	0.000986	CcSEcCtD
Salsalate—Hypotension—Hydrochlorothiazide—hypertension	6.18e-05	0.000983	CcSEcCtD
Salsalate—Urticaria—Valsartan—hypertension	6.17e-05	0.000981	CcSEcCtD
Salsalate—Urticaria—Olmesartan—hypertension	6.14e-05	0.000976	CcSEcCtD
Salsalate—Abdominal pain—Valsartan—hypertension	6.14e-05	0.000976	CcSEcCtD
Salsalate—Abdominal pain—Olmesartan—hypertension	6.11e-05	0.000971	CcSEcCtD
Salsalate—Hypotension—Furosemide—hypertension	6.08e-05	0.000967	CcSEcCtD
Salsalate—Gastrointestinal pain—Clonidine—hypertension	6.05e-05	0.000962	CcSEcCtD
Salsalate—Angioedema—Ramipril—hypertension	6.03e-05	0.000958	CcSEcCtD
Salsalate—Hypotension—Betaxolol—hypertension	6.02e-05	0.000957	CcSEcCtD
Salsalate—Diarrhoea—Diltiazem—hypertension	6.01e-05	0.000955	CcSEcCtD
Salsalate—Diarrhoea—Indapamide—hypertension	6.01e-05	0.000955	CcSEcCtD
Salsalate—Diarrhoea—Carvedilol—hypertension	5.95e-05	0.000945	CcSEcCtD
Salsalate—Vertigo—Ramipril—hypertension	5.93e-05	0.000942	CcSEcCtD
Salsalate—Gastrointestinal pain—Trandolapril—hypertension	5.9e-05	0.000938	CcSEcCtD
Salsalate—Angioedema—Timolol—hypertension	5.89e-05	0.000937	CcSEcCtD
Salsalate—Diarrhoea—Doxazosin—hypertension	5.88e-05	0.000935	CcSEcCtD
Salsalate—Urticaria—Clonidine—hypertension	5.88e-05	0.000935	CcSEcCtD
Salsalate—Gastrointestinal pain—Enalapril—hypertension	5.88e-05	0.000935	CcSEcCtD
Salsalate—Hypotension—Losartan—hypertension	5.87e-05	0.000933	CcSEcCtD
Salsalate—Nausea—Guanabenz—hypertension	5.87e-05	0.000932	CcSEcCtD
Salsalate—Nausea—Metoprolol—hypertension	5.87e-05	0.000932	CcSEcCtD
Salsalate—Abdominal pain—Clonidine—hypertension	5.85e-05	0.00093	CcSEcCtD
Salsalate—Diarrhoea—Fosinopril—hypertension	5.81e-05	0.000923	CcSEcCtD
Salsalate—Gastrointestinal pain—Telmisartan—hypertension	5.8e-05	0.000922	CcSEcCtD
Salsalate—Vertigo—Timolol—hypertension	5.8e-05	0.000921	CcSEcCtD
Salsalate—Diarrhoea—Eplerenone—hypertension	5.77e-05	0.000918	CcSEcCtD
Salsalate—Urticaria—Trandolapril—hypertension	5.74e-05	0.000912	CcSEcCtD
Salsalate—Diarrhoea—Nifedipine—hypertension	5.73e-05	0.000911	CcSEcCtD
Salsalate—Rash—Propranolol—hypertension	5.72e-05	0.000909	CcSEcCtD
Salsalate—Urticaria—Enalapril—hypertension	5.71e-05	0.000908	CcSEcCtD
Salsalate—Dermatitis—Propranolol—hypertension	5.71e-05	0.000908	CcSEcCtD
Salsalate—Abdominal pain—Trandolapril—hypertension	5.71e-05	0.000907	CcSEcCtD
Salsalate—Diarrhoea—Verapamil—hypertension	5.71e-05	0.000907	CcSEcCtD
Salsalate—Abdominal pain—Enalapril—hypertension	5.68e-05	0.000904	CcSEcCtD
Salsalate—Gastrointestinal pain—Captopril—hypertension	5.64e-05	0.000896	CcSEcCtD
Salsalate—Urticaria—Telmisartan—hypertension	5.63e-05	0.000896	CcSEcCtD
Salsalate—Abdominal pain—Telmisartan—hypertension	5.61e-05	0.000891	CcSEcCtD
Salsalate—Rash—Diltiazem—hypertension	5.53e-05	0.00088	CcSEcCtD
Salsalate—Rash—Indapamide—hypertension	5.53e-05	0.00088	CcSEcCtD
Salsalate—Dermatitis—Diltiazem—hypertension	5.53e-05	0.000879	CcSEcCtD
Salsalate—Dermatitis—Indapamide—hypertension	5.53e-05	0.000879	CcSEcCtD
Salsalate—Rash—Carvedilol—hypertension	5.48e-05	0.000871	CcSEcCtD
Salsalate—Gastrointestinal pain—Perindopril—hypertension	5.48e-05	0.00087	CcSEcCtD
Salsalate—Dermatitis—Carvedilol—hypertension	5.48e-05	0.00087	CcSEcCtD
Salsalate—Angioedema—Lisinopril—hypertension	5.47e-05	0.000869	CcSEcCtD
Salsalate—Gastrointestinal pain—Irbesartan—hypertension	5.46e-05	0.000867	CcSEcCtD
Salsalate—Abdominal pain—Captopril—hypertension	5.45e-05	0.000867	CcSEcCtD
Salsalate—Rash—Doxazosin—hypertension	5.42e-05	0.000861	CcSEcCtD
Salsalate—Dermatitis—Doxazosin—hypertension	5.41e-05	0.000861	CcSEcCtD
Salsalate—Gastrointestinal pain—Hydrochlorothiazide—hypertension	5.41e-05	0.00086	CcSEcCtD
Salsalate—Nausea—Propranolol—hypertension	5.39e-05	0.000856	CcSEcCtD
Salsalate—Anaphylactic shock—Ramipril—hypertension	5.39e-05	0.000856	CcSEcCtD
Salsalate—Vertigo—Lisinopril—hypertension	5.38e-05	0.000855	CcSEcCtD
Salsalate—Rash—Fosinopril—hypertension	5.35e-05	0.000851	CcSEcCtD
Salsalate—Dermatitis—Fosinopril—hypertension	5.35e-05	0.00085	CcSEcCtD
Salsalate—Gastrointestinal pain—Furosemide—hypertension	5.32e-05	0.000846	CcSEcCtD
Salsalate—Rash—Eplerenone—hypertension	5.32e-05	0.000846	CcSEcCtD
Salsalate—Urticaria—Perindopril—hypertension	5.32e-05	0.000846	CcSEcCtD
Salsalate—Dermatitis—Eplerenone—hypertension	5.32e-05	0.000845	CcSEcCtD
Salsalate—Diarrhoea—Valsartan—hypertension	5.31e-05	0.000845	CcSEcCtD
Salsalate—Urticaria—Irbesartan—hypertension	5.3e-05	0.000843	CcSEcCtD
Salsalate—Abdominal pain—Perindopril—hypertension	5.29e-05	0.000841	CcSEcCtD
Salsalate—Diarrhoea—Olmesartan—hypertension	5.29e-05	0.00084	CcSEcCtD
Salsalate—Rash—Nifedipine—hypertension	5.28e-05	0.00084	CcSEcCtD
Salsalate—Dermatitis—Nifedipine—hypertension	5.28e-05	0.000839	CcSEcCtD
Salsalate—Abdominal pain—Irbesartan—hypertension	5.28e-05	0.000839	CcSEcCtD
Salsalate—Anaphylactic shock—Timolol—hypertension	5.26e-05	0.000837	CcSEcCtD
Salsalate—Rash—Verapamil—hypertension	5.26e-05	0.000836	CcSEcCtD
Salsalate—Urticaria—Hydrochlorothiazide—hypertension	5.26e-05	0.000836	CcSEcCtD
Salsalate—Dermatitis—Verapamil—hypertension	5.25e-05	0.000835	CcSEcCtD
Salsalate—Abdominal pain—Hydrochlorothiazide—hypertension	5.23e-05	0.000832	CcSEcCtD
Salsalate—Nausea—Diltiazem—hypertension	5.21e-05	0.000829	CcSEcCtD
Salsalate—Nausea—Indapamide—hypertension	5.21e-05	0.000829	CcSEcCtD
Salsalate—Warfarin—CYP2C18—hypertension	5.18e-05	0.0224	CrCbGaD
Salsalate—Urticaria—Furosemide—hypertension	5.17e-05	0.000822	CcSEcCtD
Salsalate—Nausea—Carvedilol—hypertension	5.16e-05	0.000821	CcSEcCtD
Salsalate—Abdominal pain—Furosemide—hypertension	5.15e-05	0.000818	CcSEcCtD
Salsalate—Gastrointestinal pain—Losartan—hypertension	5.14e-05	0.000816	CcSEcCtD
Salsalate—Urticaria—Betaxolol—hypertension	5.12e-05	0.000814	CcSEcCtD
Salsalate—Nausea—Doxazosin—hypertension	5.11e-05	0.000812	CcSEcCtD
Salsalate—Diarrhoea—Clonidine—hypertension	5.06e-05	0.000805	CcSEcCtD
Salsalate—Tiaprofenic acid—PTGS1—hypertension	5.06e-05	0.0219	CrCbGaD
Salsalate—Nausea—Fosinopril—hypertension	5.04e-05	0.000802	CcSEcCtD
Salsalate—Hypotension—Ramipril—hypertension	5.03e-05	0.0008	CcSEcCtD
Salsalate—Nausea—Eplerenone—hypertension	5.01e-05	0.000797	CcSEcCtD
Salsalate—Urticaria—Losartan—hypertension	4.99e-05	0.000793	CcSEcCtD
Salsalate—Nausea—Nifedipine—hypertension	4.98e-05	0.000791	CcSEcCtD
Salsalate—Abdominal pain—Losartan—hypertension	4.96e-05	0.000789	CcSEcCtD
Salsalate—Nausea—Verapamil—hypertension	4.95e-05	0.000788	CcSEcCtD
Salsalate—Diarrhoea—Trandolapril—hypertension	4.94e-05	0.000785	CcSEcCtD
Salsalate—Diarrhoea—Enalapril—hypertension	4.92e-05	0.000782	CcSEcCtD
Salsalate—Hypotension—Timolol—hypertension	4.92e-05	0.000782	CcSEcCtD
Salsalate—Rash—Valsartan—hypertension	4.9e-05	0.000778	CcSEcCtD
Salsalate—Dermatitis—Valsartan—hypertension	4.89e-05	0.000778	CcSEcCtD
Salsalate—Anaphylactic shock—Lisinopril—hypertension	4.88e-05	0.000776	CcSEcCtD
Salsalate—Rash—Olmesartan—hypertension	4.87e-05	0.000775	CcSEcCtD
Salsalate—Dermatitis—Olmesartan—hypertension	4.87e-05	0.000774	CcSEcCtD
Salsalate—Diarrhoea—Telmisartan—hypertension	4.85e-05	0.000771	CcSEcCtD
Salsalate—Nepafenac—PTGS1—hypertension	4.81e-05	0.0209	CrCbGaD
Salsalate—Diarrhoea—Captopril—hypertension	4.72e-05	0.00075	CcSEcCtD
Salsalate—Olsalazine—PTGS1—hypertension	4.7e-05	0.0204	CrCbGaD
Salsalate—Magnesium salicylate—PTGS1—hypertension	4.7e-05	0.0204	CrCbGaD
Salsalate—Rash—Clonidine—hypertension	4.67e-05	0.000742	CcSEcCtD
Salsalate—Dermatitis—Clonidine—hypertension	4.66e-05	0.000741	CcSEcCtD
Salsalate—Nausea—Valsartan—hypertension	4.61e-05	0.000733	CcSEcCtD
Salsalate—Fenbufen—PTGS1—hypertension	4.6e-05	0.02	CrCbGaD
Salsalate—Nausea—Olmesartan—hypertension	4.59e-05	0.00073	CcSEcCtD
Salsalate—Diarrhoea—Perindopril—hypertension	4.58e-05	0.000728	CcSEcCtD
Salsalate—Diarrhoea—Irbesartan—hypertension	4.57e-05	0.000726	CcSEcCtD
Salsalate—Hypotension—Lisinopril—hypertension	4.56e-05	0.000725	CcSEcCtD
Salsalate—Rash—Trandolapril—hypertension	4.55e-05	0.000724	CcSEcCtD
Salsalate—Dermatitis—Trandolapril—hypertension	4.55e-05	0.000723	CcSEcCtD
Salsalate—Rash—Enalapril—hypertension	4.53e-05	0.000721	CcSEcCtD
Salsalate—Dermatitis—Enalapril—hypertension	4.53e-05	0.00072	CcSEcCtD
Salsalate—Diarrhoea—Hydrochlorothiazide—hypertension	4.53e-05	0.00072	CcSEcCtD
Salsalate—Rash—Telmisartan—hypertension	4.47e-05	0.000711	CcSEcCtD
Salsalate—Dermatitis—Telmisartan—hypertension	4.47e-05	0.00071	CcSEcCtD
Salsalate—Diarrhoea—Furosemide—hypertension	4.45e-05	0.000708	CcSEcCtD
Salsalate—Diflunisal—PTGS1—hypertension	4.42e-05	0.0192	CrCbGaD
Salsalate—Diarrhoea—Betaxolol—hypertension	4.41e-05	0.000701	CcSEcCtD
Salsalate—Gastrointestinal pain—Ramipril—hypertension	4.4e-05	0.0007	CcSEcCtD
Salsalate—Nausea—Clonidine—hypertension	4.4e-05	0.000699	CcSEcCtD
Salsalate—Rash—Captopril—hypertension	4.35e-05	0.000691	CcSEcCtD
Salsalate—Dermatitis—Captopril—hypertension	4.34e-05	0.000691	CcSEcCtD
Salsalate—Gastrointestinal pain—Timolol—hypertension	4.3e-05	0.000684	CcSEcCtD
Salsalate—Diarrhoea—Losartan—hypertension	4.3e-05	0.000683	CcSEcCtD
Salsalate—Nausea—Trandolapril—hypertension	4.29e-05	0.000682	CcSEcCtD
Salsalate—Urticaria—Ramipril—hypertension	4.28e-05	0.00068	CcSEcCtD
Salsalate—Nausea—Enalapril—hypertension	4.27e-05	0.000679	CcSEcCtD
Salsalate—Abdominal pain—Ramipril—hypertension	4.26e-05	0.000677	CcSEcCtD
Salsalate—Rash—Perindopril—hypertension	4.22e-05	0.000671	CcSEcCtD
Salsalate—Dermatitis—Perindopril—hypertension	4.22e-05	0.00067	CcSEcCtD
Salsalate—Nausea—Telmisartan—hypertension	4.21e-05	0.00067	CcSEcCtD
Salsalate—Rash—Irbesartan—hypertension	4.21e-05	0.000669	CcSEcCtD
Salsalate—Dermatitis—Irbesartan—hypertension	4.2e-05	0.000668	CcSEcCtD
Salsalate—Urticaria—Timolol—hypertension	4.18e-05	0.000665	CcSEcCtD
Salsalate—Rash—Hydrochlorothiazide—hypertension	4.17e-05	0.000663	CcSEcCtD
Salsalate—Dermatitis—Hydrochlorothiazide—hypertension	4.17e-05	0.000663	CcSEcCtD
Salsalate—Abdominal pain—Timolol—hypertension	4.16e-05	0.000662	CcSEcCtD
Salsalate—Rash—Furosemide—hypertension	4.1e-05	0.000652	CcSEcCtD
Salsalate—Dermatitis—Furosemide—hypertension	4.1e-05	0.000652	CcSEcCtD
Salsalate—Labetalol—ADRB1—hypertension	4.1e-05	0.0178	CrCbGaD
Salsalate—Nausea—Captopril—hypertension	4.1e-05	0.000651	CcSEcCtD
Salsalate—Rash—Betaxolol—hypertension	4.06e-05	0.000646	CcSEcCtD
Salsalate—Dermatitis—Betaxolol—hypertension	4.06e-05	0.000645	CcSEcCtD
Salsalate—Gastrointestinal pain—Lisinopril—hypertension	3.99e-05	0.000635	CcSEcCtD
Salsalate—Nausea—Perindopril—hypertension	3.98e-05	0.000632	CcSEcCtD
Salsalate—Nausea—Irbesartan—hypertension	3.96e-05	0.00063	CcSEcCtD
Salsalate—Rash—Losartan—hypertension	3.96e-05	0.000629	CcSEcCtD
Salsalate—Dermatitis—Losartan—hypertension	3.96e-05	0.000629	CcSEcCtD
Salsalate—Meclofenamic acid—PTGS1—hypertension	3.94e-05	0.0171	CrCbGaD
Salsalate—Nausea—Hydrochlorothiazide—hypertension	3.93e-05	0.000625	CcSEcCtD
Salsalate—Salicylate-sodium—PTGS2—hypertension	3.92e-05	0.017	CrCbGaD
Salsalate—Urticaria—Lisinopril—hypertension	3.88e-05	0.000617	CcSEcCtD
Salsalate—Nausea—Furosemide—hypertension	3.87e-05	0.000615	CcSEcCtD
Salsalate—Abdominal pain—Lisinopril—hypertension	3.86e-05	0.000614	CcSEcCtD
Salsalate—Nausea—Betaxolol—hypertension	3.83e-05	0.000608	CcSEcCtD
Salsalate—Ketoprofen—CXCL8—hypertension	3.82e-05	0.0166	CrCbGaD
Salsalate—Oxcarbazepine—CYP3A5—hypertension	3.74e-05	0.0162	CrCbGaD
Salsalate—Nausea—Losartan—hypertension	3.73e-05	0.000593	CcSEcCtD
Salsalate—Diarrhoea—Ramipril—hypertension	3.68e-05	0.000586	CcSEcCtD
Salsalate—Diarrhoea—Timolol—hypertension	3.6e-05	0.000573	CcSEcCtD
Salsalate—Ketorolac—PTGS2—hypertension	3.55e-05	0.0154	CrCbGaD
Salsalate—Labetalol—ADRB2—hypertension	3.45e-05	0.0149	CrCbGaD
Salsalate—Rash—Ramipril—hypertension	3.4e-05	0.00054	CcSEcCtD
Salsalate—Dermatitis—Ramipril—hypertension	3.39e-05	0.000539	CcSEcCtD
Salsalate—Diarrhoea—Lisinopril—hypertension	3.34e-05	0.000531	CcSEcCtD
Salsalate—Rash—Timolol—hypertension	3.32e-05	0.000528	CcSEcCtD
Salsalate—Dermatitis—Timolol—hypertension	3.32e-05	0.000527	CcSEcCtD
Salsalate—Fenoprofen—PTGS1—hypertension	3.31e-05	0.0143	CrCbGaD
Salsalate—Nausea—Ramipril—hypertension	3.2e-05	0.000508	CcSEcCtD
Salsalate—Propafenone—ADRB1—hypertension	3.13e-05	0.0136	CrCbGaD
Salsalate—Nausea—Timolol—hypertension	3.13e-05	0.000497	CcSEcCtD
Salsalate—Rash—Lisinopril—hypertension	3.08e-05	0.000489	CcSEcCtD
Salsalate—Dermatitis—Lisinopril—hypertension	3.08e-05	0.000489	CcSEcCtD
Salsalate—Mefenamic acid—PTGS1—hypertension	3.07e-05	0.0133	CrCbGaD
Salsalate—Acetylsalicylic acid—PTGS1—hypertension	2.99e-05	0.013	CrCbGaD
Salsalate—Nausea—Lisinopril—hypertension	2.9e-05	0.000461	CcSEcCtD
Salsalate—Tiaprofenic acid—PTGS2—hypertension	2.89e-05	0.0125	CrCbGaD
Salsalate—Nepafenac—PTGS2—hypertension	2.75e-05	0.0119	CrCbGaD
Salsalate—Olsalazine—PTGS2—hypertension	2.69e-05	0.0117	CrCbGaD
Salsalate—Magnesium salicylate—PTGS2—hypertension	2.69e-05	0.0117	CrCbGaD
Salsalate—Fenbufen—PTGS2—hypertension	2.63e-05	0.0114	CrCbGaD
Salsalate—Carbamazepine—CYP3A5—hypertension	2.55e-05	0.0111	CrCbGaD
Salsalate—Diflunisal—PTGS2—hypertension	2.53e-05	0.011	CrCbGaD
Salsalate—Salicylic acid—PTGS1—hypertension	2.46e-05	0.0107	CrCbGaD
Salsalate—Magnesium salicylate—ALB—hypertension	2.4e-05	0.0104	CrCbGaD
Salsalate—Warfarin—CYP1A1—hypertension	2.31e-05	0.01	CrCbGaD
Salsalate—Meclofenamic acid—PTGS2—hypertension	2.25e-05	0.00977	CrCbGaD
Salsalate—Diflunisal—ALB—hypertension	2.25e-05	0.00977	CrCbGaD
Salsalate—Flurbiprofen—PTGS1—hypertension	2.16e-05	0.00935	CrCbGaD
Salsalate—Ketoprofen—PTGS1—hypertension	1.95e-05	0.00846	CrCbGaD
Salsalate—Fenoprofen—PTGS2—hypertension	1.89e-05	0.00819	CrCbGaD
Salsalate—Mefenamic acid—PTGS2—hypertension	1.75e-05	0.0076	CrCbGaD
Salsalate—Acetylsalicylic acid—PTGS2—hypertension	1.71e-05	0.0074	CrCbGaD
Salsalate—Fenoprofen—ALB—hypertension	1.68e-05	0.0073	CrCbGaD
Salsalate—Acetylsalicylic acid—ALB—hypertension	1.52e-05	0.0066	CrCbGaD
Salsalate—Oxcarbazepine—ALB—hypertension	1.41e-05	0.00612	CrCbGaD
Salsalate—Salicylic acid—PTGS2—hypertension	1.41e-05	0.0061	CrCbGaD
Salsalate—Warfarin—ALB—hypertension	1.29e-05	0.00558	CrCbGaD
Salsalate—Salicylic acid—ALB—hypertension	1.25e-05	0.00543	CrCbGaD
Salsalate—Flurbiprofen—PTGS2—hypertension	1.23e-05	0.00535	CrCbGaD
Salsalate—Ketoprofen—PTGS2—hypertension	1.12e-05	0.00484	CrCbGaD
Salsalate—Flurbiprofen—ALB—hypertension	1.1e-05	0.00476	CrCbGaD
Salsalate—Ketoprofen—ALB—hypertension	9.94e-06	0.00431	CrCbGaD
Salsalate—PTGS2—Integrated Pancreatic Cancer Pathway—PTEN—hypertension	9.17e-06	0.000278	CbGpPWpGaD
Salsalate—PTGS2—Metabolism of lipids and lipoproteins—CYP19A1—hypertension	9.16e-06	0.000278	CbGpPWpGaD
Salsalate—PTGS1—Metabolism of lipids and lipoproteins—CD36—hypertension	9.15e-06	0.000278	CbGpPWpGaD
Salsalate—PTGS1—Metabolism—HADHA—hypertension	9.06e-06	0.000275	CbGpPWpGaD
Salsalate—PTGS1—Metabolism—LHB—hypertension	9.06e-06	0.000275	CbGpPWpGaD
Salsalate—PTGS2—Integrated Pancreatic Cancer Pathway—MAPK8—hypertension	8.98e-06	0.000272	CbGpPWpGaD
Salsalate—PTGS2—Metabolism—ARG2—hypertension	8.89e-06	0.00027	CbGpPWpGaD
Salsalate—PTGS2—Metabolism—CYP4A11—hypertension	8.89e-06	0.00027	CbGpPWpGaD
Salsalate—PTGS2—Metabolism—CBS—hypertension	8.89e-06	0.00027	CbGpPWpGaD
Salsalate—PTGS1—Metabolism—KCNJ11—hypertension	8.85e-06	0.000268	CbGpPWpGaD
Salsalate—PTGS1—Metabolism—LPA—hypertension	8.85e-06	0.000268	CbGpPWpGaD
Salsalate—PTGS1—Metabolism—HSD3B2—hypertension	8.85e-06	0.000268	CbGpPWpGaD
Salsalate—PTGS2—Integrated Pancreatic Cancer Pathway—EP300—hypertension	8.75e-06	0.000265	CbGpPWpGaD
Salsalate—PTGS2—Metabolism—XDH—hypertension	8.72e-06	0.000264	CbGpPWpGaD
Salsalate—PTGS2—Metabolism—PTGIS—hypertension	8.56e-06	0.00026	CbGpPWpGaD
Salsalate—PTGS2—Metabolism—CYP3A5—hypertension	8.56e-06	0.00026	CbGpPWpGaD
Salsalate—PTGS2—Metabolism—SLC5A2—hypertension	8.56e-06	0.00026	CbGpPWpGaD
Salsalate—PTGS1—Metabolism of lipids and lipoproteins—PPARA—hypertension	8.51e-06	0.000258	CbGpPWpGaD
Salsalate—PTGS2—Integrated Pancreatic Cancer Pathway—SRC—hypertension	8.51e-06	0.000258	CbGpPWpGaD
Salsalate—PTGS1—Metabolism—LRP2—hypertension	8.49e-06	0.000257	CbGpPWpGaD
Salsalate—PTGS1—Metabolism—CYP2C18—hypertension	8.49e-06	0.000257	CbGpPWpGaD
Salsalate—PTGS2—Spinal Cord Injury—IL6—hypertension	8.43e-06	0.000256	CbGpPWpGaD
Salsalate—PTGS2—Metabolism of lipids and lipoproteins—PPARGC1A—hypertension	8.4e-06	0.000255	CbGpPWpGaD
Salsalate—PTGS2—Integrated Pancreatic Cancer Pathway—VEGFA—hypertension	8.29e-06	0.000251	CbGpPWpGaD
Salsalate—PTGS2—Metabolism—TPH1—hypertension	8.26e-06	0.000251	CbGpPWpGaD
Salsalate—PTGS2—Metabolism—HSD11B1—hypertension	8.26e-06	0.000251	CbGpPWpGaD
Salsalate—PTGS2—Metabolism—UCP3—hypertension	8.26e-06	0.000251	CbGpPWpGaD
Salsalate—PTGS2—Metabolism—ABCC1—hypertension	8.26e-06	0.000251	CbGpPWpGaD
Salsalate—PTGS2—Metabolism—UCP2—hypertension	8.26e-06	0.000251	CbGpPWpGaD
Salsalate—PTGS1—Metabolism of lipids and lipoproteins—AGT—hypertension	8.24e-06	0.00025	CbGpPWpGaD
Salsalate—PTGS1—Metabolism—HSPG2—hypertension	8.17e-06	0.000248	CbGpPWpGaD
Salsalate—PTGS1—Metabolism of lipids and lipoproteins—APOE—hypertension	8.08e-06	0.000245	CbGpPWpGaD
Salsalate—PTGS2—Disease—LRP2—hypertension	8.04e-06	0.000244	CbGpPWpGaD
Salsalate—PTGS2—Metabolism of lipids and lipoproteins—APOB—hypertension	8.01e-06	0.000243	CbGpPWpGaD
Salsalate—PTGS2—Metabolism—ALAS1—hypertension	8e-06	0.000243	CbGpPWpGaD
Salsalate—PTGS2—Metabolism—CYP11B2—hypertension	8e-06	0.000243	CbGpPWpGaD
Salsalate—PTGS2—Metabolism—SLC2A3—hypertension	8e-06	0.000243	CbGpPWpGaD
Salsalate—PTGS1—Metabolism of lipids and lipoproteins—CAV1—hypertension	8e-06	0.000243	CbGpPWpGaD
Salsalate—PTGS1—Metabolism of lipids and lipoproteins—APOA1—hypertension	7.98e-06	0.000242	CbGpPWpGaD
Salsalate—PTGS1—Metabolism—ALOX5—hypertension	7.89e-06	0.000239	CbGpPWpGaD
Salsalate—PTGS1—Metabolism—GLP1R—hypertension	7.89e-06	0.000239	CbGpPWpGaD
Salsalate—PTGS2—Disease—HDAC6—hypertension	7.89e-06	0.000239	CbGpPWpGaD
Salsalate—PTGS2—Metabolism—ADA—hypertension	7.88e-06	0.000239	CbGpPWpGaD
Salsalate—PTGS2—Metabolism—HSD3B1—hypertension	7.88e-06	0.000239	CbGpPWpGaD
Salsalate—PTGS2—Metabolism—FADS1—hypertension	7.77e-06	0.000236	CbGpPWpGaD
Salsalate—PTGS2—Metabolism—AQP1—hypertension	7.77e-06	0.000236	CbGpPWpGaD
Salsalate—PTGS2—Disease—HSPG2—hypertension	7.74e-06	0.000235	CbGpPWpGaD
Salsalate—PTGS2—Metabolism of lipids and lipoproteins—LPL—hypertension	7.65e-06	0.000232	CbGpPWpGaD
Salsalate—PTGS2—Integrated Pancreatic Cancer Pathway—MYC—hypertension	7.62e-06	0.000231	CbGpPWpGaD
Salsalate—PTGS2—Integrated Pancreatic Cancer Pathway—TGFB1—hypertension	7.61e-06	0.000231	CbGpPWpGaD
Salsalate—PTGS2—Metabolism—CA9—hypertension	7.56e-06	0.000229	CbGpPWpGaD
Salsalate—PTGS2—Metabolism—TBXAS1—hypertension	7.56e-06	0.000229	CbGpPWpGaD
Salsalate—PTGS2—Disease—NPPA—hypertension	7.48e-06	0.000227	CbGpPWpGaD
Salsalate—PTGS2—Disease—CYBB—hypertension	7.48e-06	0.000227	CbGpPWpGaD
Salsalate—PTGS2—Metabolism of lipids and lipoproteins—GPX1—hypertension	7.46e-06	0.000226	CbGpPWpGaD
Salsalate—PTGS2—Integrated Pancreatic Cancer Pathway—EGFR—hypertension	7.46e-06	0.000226	CbGpPWpGaD
Salsalate—PTGS2—Metabolism of lipids and lipoproteins—CYP1A1—hypertension	7.39e-06	0.000224	CbGpPWpGaD
Salsalate—PTGS2—Metabolism—ALOX15—hypertension	7.37e-06	0.000223	CbGpPWpGaD
Salsalate—PTGS2—Metabolism—ALOX5AP—hypertension	7.37e-06	0.000223	CbGpPWpGaD
Salsalate—PTGS2—Metabolism of lipids and lipoproteins—CD36—hypertension	7.27e-06	0.00022	CbGpPWpGaD
Salsalate—PTGS1—Metabolism—ALDH2—hypertension	7.22e-06	0.000219	CbGpPWpGaD
Salsalate—PTGS2—Metabolism—LHB—hypertension	7.19e-06	0.000218	CbGpPWpGaD
Salsalate—PTGS2—Metabolism—HADHA—hypertension	7.19e-06	0.000218	CbGpPWpGaD
Salsalate—PTGS2—Integrated Pancreatic Cancer Pathway—TNF—hypertension	7.1e-06	0.000215	CbGpPWpGaD
Salsalate—PTGS2—Disease—CST3—hypertension	7.08e-06	0.000215	CbGpPWpGaD
Salsalate—PTGS1—Metabolism of lipids and lipoproteins—PPARG—hypertension	7.03e-06	0.000213	CbGpPWpGaD
Salsalate—PTGS1—Metabolism—HBA1—hypertension	7.03e-06	0.000213	CbGpPWpGaD
Salsalate—PTGS2—Metabolism—HSD3B2—hypertension	7.03e-06	0.000213	CbGpPWpGaD
Salsalate—PTGS2—Metabolism—LPA—hypertension	7.03e-06	0.000213	CbGpPWpGaD
Salsalate—PTGS2—Metabolism—KCNJ11—hypertension	7.03e-06	0.000213	CbGpPWpGaD
Salsalate—PTGS1—Metabolism—CYP11A1—hypertension	6.99e-06	0.000212	CbGpPWpGaD
Salsalate—PTGS1—Metabolism of lipids and lipoproteins—POMC—hypertension	6.94e-06	0.00021	CbGpPWpGaD
Salsalate—PTGS1—Metabolism—GSTT1—hypertension	6.86e-06	0.000208	CbGpPWpGaD
Salsalate—PTGS1—Metabolism—SLC9A1—hypertension	6.86e-06	0.000208	CbGpPWpGaD
Salsalate—PTGS2—Disease—NCF2—hypertension	6.84e-06	0.000207	CbGpPWpGaD
Salsalate—PTGS1—Metabolism—CETP—hypertension	6.78e-06	0.000206	CbGpPWpGaD
Salsalate—PTGS1—Metabolism—GCLC—hypertension	6.78e-06	0.000206	CbGpPWpGaD
Salsalate—PTGS2—Metabolism of lipids and lipoproteins—PPARA—hypertension	6.76e-06	0.000205	CbGpPWpGaD
Salsalate—PTGS2—Metabolism—CYP2C18—hypertension	6.74e-06	0.000204	CbGpPWpGaD
Salsalate—PTGS2—Metabolism—LRP2—hypertension	6.74e-06	0.000204	CbGpPWpGaD
Salsalate—PTGS2—Metabolism of lipids and lipoproteins—AGT—hypertension	6.54e-06	0.000198	CbGpPWpGaD
Salsalate—PTGS2—Disease—SLC9A1—hypertension	6.51e-06	0.000197	CbGpPWpGaD
Salsalate—PTGS1—Metabolism—CYP17A1—hypertension	6.5e-06	0.000197	CbGpPWpGaD
Salsalate—PTGS2—Metabolism—HSPG2—hypertension	6.48e-06	0.000197	CbGpPWpGaD
Salsalate—PTGS1—Metabolism—ENO1—hypertension	6.43e-06	0.000195	CbGpPWpGaD
Salsalate—PTGS2—Metabolism of lipids and lipoproteins—APOE—hypertension	6.41e-06	0.000194	CbGpPWpGaD
Salsalate—PTGS2—Disease—TGFBR1—hypertension	6.36e-06	0.000193	CbGpPWpGaD
Salsalate—PTGS2—Metabolism of lipids and lipoproteins—CAV1—hypertension	6.35e-06	0.000193	CbGpPWpGaD
Salsalate—PTGS2—Metabolism of lipids and lipoproteins—APOA1—hypertension	6.34e-06	0.000192	CbGpPWpGaD
Salsalate—PTGS1—Metabolism of lipids and lipoproteins—ALB—hypertension	6.33e-06	0.000192	CbGpPWpGaD
Salsalate—PTGS2—Metabolism—GLP1R—hypertension	6.26e-06	0.00019	CbGpPWpGaD
Salsalate—PTGS2—Metabolism—ALOX5—hypertension	6.26e-06	0.00019	CbGpPWpGaD
Salsalate—PTGS2—Integrated Pancreatic Cancer Pathway—TP53—hypertension	6.26e-06	0.00019	CbGpPWpGaD
Salsalate—PTGS1—Metabolism—CTGF—hypertension	6.19e-06	0.000188	CbGpPWpGaD
Salsalate—PTGS2—Disease—NCF1—hypertension	6.16e-06	0.000187	CbGpPWpGaD
Salsalate—PTGS1—Metabolism—GOT2—hypertension	6.14e-06	0.000186	CbGpPWpGaD
Salsalate—PTGS1—Metabolism—HMGCR—hypertension	6.14e-06	0.000186	CbGpPWpGaD
Salsalate—PTGS2—Disease—ENO1—hypertension	6.1e-06	0.000185	CbGpPWpGaD
Salsalate—PTGS1—Metabolism of lipids and lipoproteins—PIK3R1—hypertension	6.05e-06	0.000184	CbGpPWpGaD
Salsalate—PTGS1—Metabolism—ADRA2A—hypertension	6e-06	0.000182	CbGpPWpGaD
Salsalate—PTGS2—Disease—GOT2—hypertension	5.82e-06	0.000176	CbGpPWpGaD
Salsalate—PTGS2—Disease—CYBA—hypertension	5.79e-06	0.000176	CbGpPWpGaD
Salsalate—PTGS2—Metabolism—ALDH2—hypertension	5.73e-06	0.000174	CbGpPWpGaD
Salsalate—PTGS1—Metabolism—TH—hypertension	5.62e-06	0.00017	CbGpPWpGaD
Salsalate—PTGS1—Metabolism—CALM2—hypertension	5.6e-06	0.00017	CbGpPWpGaD
Salsalate—PTGS2—Disease—CALCA—hypertension	5.6e-06	0.00017	CbGpPWpGaD
Salsalate—PTGS2—Metabolism of lipids and lipoproteins—PPARG—hypertension	5.58e-06	0.000169	CbGpPWpGaD
Salsalate—PTGS2—Metabolism—HBA1—hypertension	5.58e-06	0.000169	CbGpPWpGaD
Salsalate—PTGS2—Metabolism—CYP11A1—hypertension	5.55e-06	0.000168	CbGpPWpGaD
Salsalate—PTGS1—Metabolism of lipids and lipoproteins—PTGS2—hypertension	5.53e-06	0.000168	CbGpPWpGaD
Salsalate—PTGS2—Metabolism of lipids and lipoproteins—POMC—hypertension	5.51e-06	0.000167	CbGpPWpGaD
Salsalate—PTGS1—Metabolism—SLC2A4—hypertension	5.47e-06	0.000166	CbGpPWpGaD
Salsalate—PTGS1—Metabolism—GCG—hypertension	5.47e-06	0.000166	CbGpPWpGaD
Salsalate—PTGS2—Metabolism—GSTT1—hypertension	5.45e-06	0.000165	CbGpPWpGaD
Salsalate—PTGS2—Metabolism—SLC9A1—hypertension	5.45e-06	0.000165	CbGpPWpGaD
Salsalate—PTGS2—Disease—ADRBK1—hypertension	5.41e-06	0.000164	CbGpPWpGaD
Salsalate—PTGS2—Metabolism—GCLC—hypertension	5.39e-06	0.000163	CbGpPWpGaD
Salsalate—PTGS2—Metabolism—CETP—hypertension	5.39e-06	0.000163	CbGpPWpGaD
Salsalate—PTGS2—Disease—NOS1—hypertension	5.33e-06	0.000162	CbGpPWpGaD
Salsalate—PTGS2—Disease—CALM2—hypertension	5.31e-06	0.000161	CbGpPWpGaD
Salsalate—PTGS1—Metabolism—GOT1—hypertension	5.3e-06	0.000161	CbGpPWpGaD
Salsalate—PTGS2—Integrated Pancreatic Cancer Pathway—AKT1—hypertension	5.29e-06	0.00016	CbGpPWpGaD
Salsalate—PTGS2—Disease—SLC2A4—hypertension	5.18e-06	0.000157	CbGpPWpGaD
Salsalate—PTGS2—Metabolism—CYP17A1—hypertension	5.16e-06	0.000156	CbGpPWpGaD
Salsalate—PTGS1—Metabolism—STK11—hypertension	5.14e-06	0.000156	CbGpPWpGaD
Salsalate—PTGS1—Metabolism—CYP19A1—hypertension	5.14e-06	0.000156	CbGpPWpGaD
Salsalate—PTGS2—Metabolism—ENO1—hypertension	5.11e-06	0.000155	CbGpPWpGaD
Salsalate—PTGS2—Metabolism—PTGS1—hypertension	5.11e-06	0.000155	CbGpPWpGaD
Salsalate—PTGS2—Disease—KL—hypertension	5.08e-06	0.000154	CbGpPWpGaD
Salsalate—PTGS2—Metabolism of lipids and lipoproteins—ALB—hypertension	5.02e-06	0.000152	CbGpPWpGaD
Salsalate—PTGS2—Disease—GOT1—hypertension	5.02e-06	0.000152	CbGpPWpGaD
Salsalate—PTGS2—Disease—PRL—hypertension	4.94e-06	0.00015	CbGpPWpGaD
Salsalate—PTGS2—Metabolism—CTGF—hypertension	4.91e-06	0.000149	CbGpPWpGaD
Salsalate—PTGS2—Disease—HDAC1—hypertension	4.87e-06	0.000148	CbGpPWpGaD
Salsalate—PTGS2—Metabolism—HMGCR—hypertension	4.87e-06	0.000148	CbGpPWpGaD
Salsalate—PTGS2—Metabolism—GOT2—hypertension	4.87e-06	0.000148	CbGpPWpGaD
Salsalate—PTGS1—Metabolism of lipids and lipoproteins—PTEN—hypertension	4.83e-06	0.000146	CbGpPWpGaD
Salsalate—PTGS2—Metabolism of lipids and lipoproteins—PIK3R1—hypertension	4.8e-06	0.000146	CbGpPWpGaD
Salsalate—PTGS1—Metabolism—COMT—hypertension	4.78e-06	0.000145	CbGpPWpGaD
Salsalate—PTGS2—Metabolism—ADRA2A—hypertension	4.77e-06	0.000145	CbGpPWpGaD
Salsalate—PTGS1—Metabolism—PPARGC1A—hypertension	4.71e-06	0.000143	CbGpPWpGaD
Salsalate—PTGS1—Metabolism—GNB3—hypertension	4.71e-06	0.000143	CbGpPWpGaD
Salsalate—PTGS1—Metabolism—HMOX1—hypertension	4.69e-06	0.000142	CbGpPWpGaD
Salsalate—PTGS2—Disease—PRKCE—hypertension	4.63e-06	0.00014	CbGpPWpGaD
Salsalate—PTGS1—Metabolism—CAT—hypertension	4.63e-06	0.00014	CbGpPWpGaD
Salsalate—PTGS1—Metabolism of lipids and lipoproteins—EP300—hypertension	4.6e-06	0.00014	CbGpPWpGaD
Salsalate—PTGS1—Metabolism—GNAS—hypertension	4.59e-06	0.000139	CbGpPWpGaD
Salsalate—PTGS2—Disease—PDGFA—hypertension	4.57e-06	0.000139	CbGpPWpGaD
Salsalate—PTGS2—Disease—TGFBR2—hypertension	4.51e-06	0.000137	CbGpPWpGaD
Salsalate—PTGS1—Metabolism—APOB—hypertension	4.49e-06	0.000136	CbGpPWpGaD
Salsalate—PTGS2—Metabolism—TH—hypertension	4.46e-06	0.000135	CbGpPWpGaD
Salsalate—PTGS2—Metabolism—CALM2—hypertension	4.45e-06	0.000135	CbGpPWpGaD
Salsalate—PTGS1—Metabolism—GSTM1—hypertension	4.37e-06	0.000133	CbGpPWpGaD
Salsalate—PTGS2—Metabolism—GCG—hypertension	4.34e-06	0.000132	CbGpPWpGaD
Salsalate—PTGS2—Metabolism—SLC2A4—hypertension	4.34e-06	0.000132	CbGpPWpGaD
Salsalate—PTGS1—Metabolism—LPL—hypertension	4.29e-06	0.00013	CbGpPWpGaD
Salsalate—PTGS2—Disease—APOB—hypertension	4.26e-06	0.000129	CbGpPWpGaD
Salsalate—PTGS2—Metabolism—GOT1—hypertension	4.2e-06	0.000128	CbGpPWpGaD
Salsalate—PTGS1—Metabolism—ADCY5—hypertension	4.2e-06	0.000127	CbGpPWpGaD
Salsalate—PTGS1—Metabolism—GPX1—hypertension	4.19e-06	0.000127	CbGpPWpGaD
Salsalate—PTGS1—Metabolism—PRKCA—hypertension	4.14e-06	0.000126	CbGpPWpGaD
Salsalate—PTGS1—Metabolism—CYP1A1—hypertension	4.14e-06	0.000126	CbGpPWpGaD
Salsalate—PTGS2—Metabolism—STK11—hypertension	4.08e-06	0.000124	CbGpPWpGaD
Salsalate—PTGS2—Metabolism—CYP19A1—hypertension	4.08e-06	0.000124	CbGpPWpGaD
Salsalate—PTGS1—Metabolism—CD36—hypertension	4.08e-06	0.000124	CbGpPWpGaD
Salsalate—PTGS2—Disease—LPL—hypertension	4.07e-06	0.000123	CbGpPWpGaD
Salsalate—PTGS2—Disease—H2AFX—hypertension	4.04e-06	0.000122	CbGpPWpGaD
Salsalate—PTGS2—Disease—PDGFRB—hypertension	4.03e-06	0.000122	CbGpPWpGaD
Salsalate—PTGS2—Disease—ADCY5—hypertension	3.98e-06	0.000121	CbGpPWpGaD
Salsalate—PTGS2—Disease—PRKCG—hypertension	3.95e-06	0.00012	CbGpPWpGaD
Salsalate—PTGS2—Disease—PRKCA—hypertension	3.93e-06	0.000119	CbGpPWpGaD
Salsalate—PTGS2—Disease—YWHAZ—hypertension	3.9e-06	0.000118	CbGpPWpGaD
Salsalate—PTGS1—Metabolism—MTHFR—hypertension	3.86e-06	0.000117	CbGpPWpGaD
Salsalate—PTGS2—Metabolism of lipids and lipoproteins—PTEN—hypertension	3.83e-06	0.000116	CbGpPWpGaD
Salsalate—PTGS2—Metabolism—COMT—hypertension	3.79e-06	0.000115	CbGpPWpGaD
Salsalate—PTGS1—Metabolism—PPARA—hypertension	3.79e-06	0.000115	CbGpPWpGaD
Salsalate—PTGS2—Disease—CCR5—hypertension	3.75e-06	0.000114	CbGpPWpGaD
Salsalate—PTGS2—Disease—PRKCD—hypertension	3.75e-06	0.000114	CbGpPWpGaD
Salsalate—PTGS2—Metabolism—GNB3—hypertension	3.74e-06	0.000113	CbGpPWpGaD
Salsalate—PTGS2—Metabolism—PPARGC1A—hypertension	3.74e-06	0.000113	CbGpPWpGaD
Salsalate—PTGS2—Metabolism—HMOX1—hypertension	3.72e-06	0.000113	CbGpPWpGaD
Salsalate—PTGS2—Metabolism—CAT—hypertension	3.67e-06	0.000111	CbGpPWpGaD
Salsalate—PTGS1—Metabolism—AGT—hypertension	3.67e-06	0.000111	CbGpPWpGaD
Salsalate—PTGS2—Disease—MTHFR—hypertension	3.66e-06	0.000111	CbGpPWpGaD
Salsalate—PTGS2—Metabolism of lipids and lipoproteins—EP300—hypertension	3.65e-06	0.000111	CbGpPWpGaD
Salsalate—PTGS2—Metabolism—GNAS—hypertension	3.64e-06	0.00011	CbGpPWpGaD
Salsalate—PTGS1—Metabolism—CALM1—hypertension	3.61e-06	0.000109	CbGpPWpGaD
Salsalate—PTGS1—Metabolism—APOE—hypertension	3.6e-06	0.000109	CbGpPWpGaD
Salsalate—PTGS2—Metabolism—APOB—hypertension	3.57e-06	0.000108	CbGpPWpGaD
Salsalate—PTGS2—Disease—PDGFB—hypertension	3.56e-06	0.000108	CbGpPWpGaD
Salsalate—PTGS1—Metabolism—CAV1—hypertension	3.56e-06	0.000108	CbGpPWpGaD
Salsalate—PTGS1—Metabolism—APOA1—hypertension	3.56e-06	0.000108	CbGpPWpGaD
Salsalate—PTGS2—Disease—FGFR1—hypertension	3.55e-06	0.000108	CbGpPWpGaD
Salsalate—PTGS2—Disease—HIF1A—hypertension	3.49e-06	0.000106	CbGpPWpGaD
Salsalate—PTGS2—Metabolism—GSTM1—hypertension	3.47e-06	0.000105	CbGpPWpGaD
Salsalate—PTGS2—Disease—CALM1—hypertension	3.42e-06	0.000104	CbGpPWpGaD
Salsalate—PTGS2—Disease—APOE—hypertension	3.41e-06	0.000103	CbGpPWpGaD
Salsalate—PTGS2—Metabolism—LPL—hypertension	3.41e-06	0.000103	CbGpPWpGaD
Salsalate—PTGS2—Disease—CAV1—hypertension	3.38e-06	0.000102	CbGpPWpGaD
Salsalate—PTGS2—Disease—APOA1—hypertension	3.37e-06	0.000102	CbGpPWpGaD
Salsalate—PTGS2—Metabolism—ADCY5—hypertension	3.33e-06	0.000101	CbGpPWpGaD
Salsalate—PTGS2—Metabolism—GPX1—hypertension	3.32e-06	0.000101	CbGpPWpGaD
Salsalate—PTGS2—Metabolism—PRKCA—hypertension	3.29e-06	9.98e-05	CbGpPWpGaD
Salsalate—PTGS2—Metabolism—CYP1A1—hypertension	3.29e-06	9.98e-05	CbGpPWpGaD
Salsalate—PTGS2—Metabolism—CD36—hypertension	3.24e-06	9.82e-05	CbGpPWpGaD
Salsalate—PTGS2—Disease—NOS2—hypertension	3.18e-06	9.64e-05	CbGpPWpGaD
Salsalate—PTGS2—Disease—NOTCH1—hypertension	3.15e-06	9.54e-05	CbGpPWpGaD
Salsalate—PTGS1—Metabolism—PPARG—hypertension	3.13e-06	9.5e-05	CbGpPWpGaD
Salsalate—PTGS1—Metabolism—POMC—hypertension	3.09e-06	9.37e-05	CbGpPWpGaD
Salsalate—PTGS1—Metabolism—INS—hypertension	3.07e-06	9.32e-05	CbGpPWpGaD
Salsalate—PTGS2—Metabolism—MTHFR—hypertension	3.07e-06	9.3e-05	CbGpPWpGaD
Salsalate—PTGS2—Metabolism—PPARA—hypertension	3.01e-06	9.13e-05	CbGpPWpGaD
Salsalate—PTGS2—Metabolism—AGT—hypertension	2.91e-06	8.84e-05	CbGpPWpGaD
Salsalate—PTGS2—Disease—INS—hypertension	2.91e-06	8.83e-05	CbGpPWpGaD
Salsalate—PTGS2—Metabolism—CALM1—hypertension	2.87e-06	8.69e-05	CbGpPWpGaD
Salsalate—PTGS2—Metabolism—APOE—hypertension	2.86e-06	8.66e-05	CbGpPWpGaD
Salsalate—PTGS2—Metabolism—CAV1—hypertension	2.83e-06	8.58e-05	CbGpPWpGaD
Salsalate—PTGS2—Metabolism—APOA1—hypertension	2.82e-06	8.56e-05	CbGpPWpGaD
Salsalate—PTGS1—Metabolism—ALB—hypertension	2.82e-06	8.54e-05	CbGpPWpGaD
Salsalate—PTGS2—Disease—AKT2—hypertension	2.82e-06	8.54e-05	CbGpPWpGaD
Salsalate—PTGS1—Metabolism—NOS3—hypertension	2.69e-06	8.17e-05	CbGpPWpGaD
Salsalate—PTGS1—Metabolism—PIK3R1—hypertension	2.69e-06	8.17e-05	CbGpPWpGaD
Salsalate—PTGS2—Disease—SERPINE1—hypertension	2.68e-06	8.11e-05	CbGpPWpGaD
Salsalate—PTGS2—Disease—FGF2—hypertension	2.59e-06	7.86e-05	CbGpPWpGaD
Salsalate—PTGS2—Disease—RHOA—hypertension	2.58e-06	7.83e-05	CbGpPWpGaD
Salsalate—PTGS2—Disease—PIK3R1—hypertension	2.55e-06	7.75e-05	CbGpPWpGaD
Salsalate—PTGS2—Disease—NOS3—hypertension	2.55e-06	7.75e-05	CbGpPWpGaD
Salsalate—PTGS2—Metabolism—PPARG—hypertension	2.49e-06	7.54e-05	CbGpPWpGaD
Salsalate—PTGS1—Metabolism—PTGS2—hypertension	2.46e-06	7.47e-05	CbGpPWpGaD
Salsalate—PTGS2—Metabolism—POMC—hypertension	2.45e-06	7.44e-05	CbGpPWpGaD
Salsalate—PTGS2—Metabolism—INS—hypertension	2.44e-06	7.4e-05	CbGpPWpGaD
Salsalate—PTGS2—Disease—MTOR—hypertension	2.36e-06	7.15e-05	CbGpPWpGaD
Salsalate—PTGS2—Metabolism—ALB—hypertension	2.24e-06	6.78e-05	CbGpPWpGaD
Salsalate—PTGS1—Metabolism—PTEN—hypertension	2.15e-06	6.52e-05	CbGpPWpGaD
Salsalate—PTGS2—Metabolism—NOS3—hypertension	2.14e-06	6.49e-05	CbGpPWpGaD
Salsalate—PTGS2—Metabolism—PIK3R1—hypertension	2.14e-06	6.49e-05	CbGpPWpGaD
Salsalate—PTGS1—Metabolism—EP300—hypertension	2.05e-06	6.22e-05	CbGpPWpGaD
Salsalate—PTGS2—Disease—CDKN1A—hypertension	2.04e-06	6.19e-05	CbGpPWpGaD
Salsalate—PTGS2—Disease—PTEN—hypertension	2.04e-06	6.18e-05	CbGpPWpGaD
Salsalate—PTGS2—Disease—EP300—hypertension	1.94e-06	5.89e-05	CbGpPWpGaD
Salsalate—PTGS2—Disease—SRC—hypertension	1.89e-06	5.73e-05	CbGpPWpGaD
Salsalate—PTGS2—Metabolism—PTEN—hypertension	1.71e-06	5.17e-05	CbGpPWpGaD
Salsalate—PTGS2—Disease—MYC—hypertension	1.69e-06	5.14e-05	CbGpPWpGaD
Salsalate—PTGS2—Disease—TGFB1—hypertension	1.69e-06	5.12e-05	CbGpPWpGaD
Salsalate—PTGS2—Disease—EGFR—hypertension	1.66e-06	5.02e-05	CbGpPWpGaD
Salsalate—PTGS2—Metabolism—EP300—hypertension	1.63e-06	4.94e-05	CbGpPWpGaD
Salsalate—PTGS2—Disease—IL6—hypertension	1.27e-06	3.86e-05	CbGpPWpGaD
Salsalate—PTGS1—Metabolism—AKT1—hypertension	1.24e-06	3.76e-05	CbGpPWpGaD
Salsalate—PTGS2—Disease—AKT1—hypertension	1.17e-06	3.56e-05	CbGpPWpGaD
Salsalate—PTGS2—Metabolism—AKT1—hypertension	9.83e-07	2.98e-05	CbGpPWpGaD
