nodes	percent_of_prediction	percent_of_DWPC	metapath
Budesonide—NR3C1—hypertension	0.256	1	CbGaD
Budesonide—NR3C1—Spironolactone—hypertension	0.0637	0.233	CbGbCtD
Budesonide—Hydrocortamate—Eplerenone—hypertension	0.0564	0.252	CrCrCtD
Budesonide—Hydrocortamate—Spironolactone—hypertension	0.049	0.219	CrCrCtD
Budesonide—Testolactone—Spironolactone—hypertension	0.0461	0.206	CrCrCtD
Budesonide—Hydrocortisone—Eplerenone—hypertension	0.0387	0.173	CrCrCtD
Budesonide—Hydrocortisone—Spironolactone—hypertension	0.0337	0.15	CrCrCtD
Budesonide—CYP3A4—Guanethidine—hypertension	0.0232	0.0847	CbGbCtD
Budesonide—CYP3A4—Hydralazine—hypertension	0.0176	0.0642	CbGbCtD
Budesonide—CYP3A4—Guanfacine—hypertension	0.015	0.0546	CbGbCtD
Budesonide—CYP3A4—Isradipine—hypertension	0.0133	0.0487	CbGbCtD
Budesonide—CYP3A4—Nisoldipine—hypertension	0.0117	0.0429	CbGbCtD
Budesonide—CYP3A4—Indapamide—hypertension	0.0117	0.0429	CbGbCtD
Budesonide—CYP3A4—Eplerenone—hypertension	0.0113	0.0414	CbGbCtD
Budesonide—CYP3A4—Diltiazem—hypertension	0.0113	0.0414	CbGbCtD
Budesonide—CYP3A4—Enalapril—hypertension	0.0101	0.0369	CbGbCtD
Budesonide—CYP3A4—Irbesartan—hypertension	0.00924	0.0337	CbGbCtD
Budesonide—CYP3A4—Amlodipine—hypertension	0.00906	0.0331	CbGbCtD
Budesonide—CYP3A4—Felodipine—hypertension	0.00874	0.0319	CbGbCtD
Budesonide—CYP3A4—Nifedipine—hypertension	0.00845	0.0309	CbGbCtD
Budesonide—CYP3A4—Nicardipine—hypertension	0.00832	0.0304	CbGbCtD
Budesonide—CYP3A4—Carvedilol—hypertension	0.00832	0.0304	CbGbCtD
Budesonide—CYP3A4—Propranolol—hypertension	0.00766	0.028	CbGbCtD
Budesonide—CYP3A4—Clonidine—hypertension	0.0073	0.0267	CbGbCtD
Budesonide—CYP3A4—Atorvastatin—hypertension	0.00651	0.0238	CbGbCtD
Budesonide—CYP3A4—Losartan—hypertension	0.00595	0.0217	CbGbCtD
Budesonide—CYP3A4—Verapamil—hypertension	0.00525	0.0192	CbGbCtD
Budesonide—NR3C1—urine—hypertension	0.000493	0.162	CbGeAlD
Budesonide—CYP3A4—urine—hypertension	0.000373	0.123	CbGeAlD
Budesonide—Prednisone—HSD11B1—hypertension	0.000353	0.0822	CrCbGaD
Budesonide—Amcinonide—ANXA1—hypertension	0.000323	0.0753	CrCbGaD
Budesonide—NR3C1—cardiac ventricle—hypertension	0.000192	0.0633	CbGeAlD
Budesonide—NR3C1—myocardium—hypertension	0.000181	0.0596	CbGeAlD
Budesonide—Hydrocortisone—CYP11B1—hypertension	0.00016	0.0374	CrCbGaD
Budesonide—Hydrocortisone—CYP11B2—hypertension	0.000151	0.0351	CrCbGaD
Budesonide—NR3C1—brainstem—hypertension	0.000146	0.0481	CbGeAlD
Budesonide—Prednisolone—NR3C2—hypertension	0.00014	0.0326	CrCbGaD
Budesonide—Betamethasone—NR3C2—hypertension	0.000137	0.0319	CrCbGaD
Budesonide—Hydrocortisone—ANXA1—hypertension	0.000136	0.0318	CrCbGaD
Budesonide—NR3C1—nephron tubule—hypertension	0.000133	0.0437	CbGeAlD
Budesonide—NR3C1—adrenal cortex—hypertension	0.000131	0.043	CbGeAlD
Budesonide—Testolactone—CYP19A1—hypertension	0.00013	0.0303	CrCbGaD
Budesonide—Dexamethasone—CYP4A11—hypertension	0.000128	0.0299	CrCbGaD
Budesonide—NR3C1—heart—hypertension	0.000126	0.0416	CbGeAlD
Budesonide—NR3C1—smooth muscle tissue—hypertension	0.000125	0.0413	CbGeAlD
Budesonide—NR3C1—decidua—hypertension	0.000123	0.0405	CbGeAlD
Budesonide—NR3C1—cardiovascular system—hypertension	0.000119	0.0392	CbGeAlD
Budesonide—NR3C1—kidney—hypertension	0.000117	0.0384	CbGeAlD
Budesonide—NR3C1—cortex of kidney—hypertension	0.000114	0.0374	CbGeAlD
Budesonide—NR3C1—cardiac atrium—hypertension	0.000108	0.0356	CbGeAlD
Budesonide—Prednicarbate—NR3C1—hypertension	0.000105	0.0245	CrCbGaD
Budesonide—Clocortolone—NR3C1—hypertension	0.000105	0.0245	CrCbGaD
Budesonide—NR3C1—medulla oblongata—hypertension	0.000102	0.0335	CbGeAlD
Budesonide—Dexamethasone—ANXA1—hypertension	0.000101	0.0237	CrCbGaD
Budesonide—Diflorasone—NR3C1—hypertension	9.96e-05	0.0232	CrCbGaD
Budesonide—Desonide—NR3C1—hypertension	9.96e-05	0.0232	CrCbGaD
Budesonide—Desoximetasone—NR3C1—hypertension	9.71e-05	0.0227	CrCbGaD
Budesonide—Loteprednol—NR3C1—hypertension	9.6e-05	0.0224	CrCbGaD
Budesonide—NR3C1—adrenal gland—hypertension	9.43e-05	0.031	CbGeAlD
Budesonide—Beclomethasone—CYP3A5—hypertension	9.08e-05	0.0212	CrCbGaD
Budesonide—CYP3A4—kidney—hypertension	8.82e-05	0.029	CbGeAlD
Budesonide—Flurandrenolide—NR3C1—hypertension	8.51e-05	0.0198	CrCbGaD
Budesonide—Hydrocortamate—NR3C1—hypertension	8.23e-05	0.0192	CrCbGaD
Budesonide—NR3C1—endocrine gland—hypertension	8.18e-05	0.0269	CbGeAlD
Budesonide—Dexamethasone—NR3C2—hypertension	7.96e-05	0.0186	CrCbGaD
Budesonide—Amcinonide—NR3C1—hypertension	7.65e-05	0.0178	CrCbGaD
Budesonide—NR3C1—central nervous system—hypertension	7.37e-05	0.0243	CbGeAlD
Budesonide—Mometasone—NR3C1—hypertension	7.27e-05	0.017	CrCbGaD
Budesonide—Rimexolone—NR3C1—hypertension	7.19e-05	0.0168	CrCbGaD
Budesonide—Beclomethasone—NR3C1—hypertension	6.78e-05	0.0158	CrCbGaD
Budesonide—Fluocinonide—NR3C1—hypertension	6.78e-05	0.0158	CrCbGaD
Budesonide—Alclometasone—NR3C1—hypertension	6.59e-05	0.0154	CrCbGaD
Budesonide—Fluocinolone Acetonide—NR3C1—hypertension	6.59e-05	0.0154	CrCbGaD
Budesonide—Clobetasol propionate—NR3C1—hypertension	6.42e-05	0.015	CrCbGaD
Budesonide—Flunisolide—NR3C1—hypertension	6.42e-05	0.015	CrCbGaD
Budesonide—Paramethasone—NR3C1—hypertension	6.34e-05	0.0148	CrCbGaD
Budesonide—Ciclesonide—NR3C1—hypertension	6.23e-05	0.0145	CrCbGaD
Budesonide—CYP3A4—endocrine gland—hypertension	6.19e-05	0.0204	CbGeAlD
Budesonide—Fluorometholone—NR3C1—hypertension	6.19e-05	0.0144	CrCbGaD
Budesonide—Methylprednisolone—NR3C1—hypertension	5.98e-05	0.0139	CrCbGaD
Budesonide—CYP3A4—Oxidation by Cytochrome P450—CYP17A1—hypertension	5.86e-05	0.00164	CbGpPWpGaD
Budesonide—NR3C1—AP-1 transcription factor network—CXCL8—hypertension	5.83e-05	0.00163	CbGpPWpGaD
Budesonide—Clobetasol propionate—CYP1A1—hypertension	5.83e-05	0.0136	CrCbGaD
Budesonide—Dexamethasone—CYP17A1—hypertension	5.83e-05	0.0136	CrCbGaD
Budesonide—CYP3A4—Tryptophan metabolism—CYP19A1—hypertension	5.81e-05	0.00162	CbGpPWpGaD
Budesonide—Dexamethasone—CYP11A1—hypertension	5.73e-05	0.0134	CrCbGaD
Budesonide—NR3C1—Generic Transcription Pathway—NEDD4L—hypertension	5.65e-05	0.00158	CbGpPWpGaD
Budesonide—NR3C1—Adipogenesis—PPARA—hypertension	5.64e-05	0.00158	CbGpPWpGaD
Budesonide—NR3C1—SIDS Susceptibility Pathways—IL10—hypertension	5.62e-05	0.00157	CbGpPWpGaD
Budesonide—CYP3A4—Biological oxidations—AHCY—hypertension	5.6e-05	0.00156	CbGpPWpGaD
Budesonide—CYP3A4—Biological oxidations—CYP11B1—hypertension	5.6e-05	0.00156	CbGpPWpGaD
Budesonide—CYP3A4—central nervous system—hypertension	5.57e-05	0.0183	CbGeAlD
Budesonide—CYP3A4—Metapathway biotransformation—CYP11B1—hypertension	5.52e-05	0.00154	CbGpPWpGaD
Budesonide—NR3C1—Adipogenesis—HIF1A—hypertension	5.48e-05	0.00153	CbGpPWpGaD
Budesonide—NR3C1—Adipogenesis—AGT—hypertension	5.46e-05	0.00153	CbGpPWpGaD
Budesonide—CYP3A4—Nuclear Receptors in Lipid Metabolism and Toxicity—PPARA—hypertension	5.46e-05	0.00153	CbGpPWpGaD
Budesonide—NR3C1—Glucocorticoid receptor regulatory network—RELA—hypertension	5.45e-05	0.00152	CbGpPWpGaD
Budesonide—CYP3A4—Biological oxidations—GSTM5—hypertension	5.41e-05	0.00151	CbGpPWpGaD
Budesonide—NR3C1—Adipogenesis—LEP—hypertension	5.35e-05	0.0015	CbGpPWpGaD
Budesonide—CYP3A4—Phase 1 - Functionalization of compounds—ALDH2—hypertension	5.35e-05	0.00149	CbGpPWpGaD
Budesonide—CYP3A4—Metapathway biotransformation—EPHX2—hypertension	5.33e-05	0.00149	CbGpPWpGaD
Budesonide—CYP3A4—Metapathway biotransformation—GSTM5—hypertension	5.33e-05	0.00149	CbGpPWpGaD
Budesonide—CYP3A4—Metapathway biotransformation—EPHX1—hypertension	5.33e-05	0.00149	CbGpPWpGaD
Budesonide—NR3C1—SIDS Susceptibility Pathways—YWHAZ—hypertension	5.28e-05	0.00148	CbGpPWpGaD
Budesonide—NR3C1—AP-1 transcription factor network—MMP9—hypertension	5.28e-05	0.00147	CbGpPWpGaD
Budesonide—NR3C1—AP-1 transcription factor network—PTEN—hypertension	5.25e-05	0.00147	CbGpPWpGaD
Budesonide—CYP3A4—Biological oxidations—CYP2J2—hypertension	5.24e-05	0.00146	CbGpPWpGaD
Budesonide—CYP3A4—Tryptophan metabolism—CAT—hypertension	5.23e-05	0.00146	CbGpPWpGaD
Budesonide—NR3C1—SIDS Susceptibility Pathways—NGF—hypertension	5.22e-05	0.00146	CbGpPWpGaD
Budesonide—CYP3A4—Phase 1 - Functionalization of compounds—CYP11A1—hypertension	5.18e-05	0.00145	CbGpPWpGaD
Budesonide—CYP3A4—Metapathway biotransformation—CYP2J2—hypertension	5.16e-05	0.00144	CbGpPWpGaD
Budesonide—NR3C1—Glucocorticoid receptor regulatory network—CXCL8—hypertension	5.14e-05	0.00144	CbGpPWpGaD
Budesonide—Betamethasone—CYP19A1—hypertension	5.1e-05	0.0119	CrCbGaD
Budesonide—Triamcinolone—NR3C1—hypertension	5.04e-05	0.0118	CrCbGaD
Budesonide—NR3C1—AP-1 transcription factor network—EP300—hypertension	5e-05	0.0014	CbGpPWpGaD
Budesonide—NR3C1—SIDS Susceptibility Pathways—HTR2A—hypertension	4.97e-05	0.00139	CbGpPWpGaD
Budesonide—NR3C1—Generic Transcription Pathway—GATA4—hypertension	4.92e-05	0.00137	CbGpPWpGaD
Budesonide—CYP3A4—Phase 1 - Functionalization of compounds—CYP17A1—hypertension	4.81e-05	0.00135	CbGpPWpGaD
Budesonide—CYP3A4—Phase 1 - Functionalization of compounds—PTGS1—hypertension	4.76e-05	0.00133	CbGpPWpGaD
Budesonide—Dexamethasone—NOS2—hypertension	4.75e-05	0.0111	CrCbGaD
Budesonide—NR3C1—SIDS Susceptibility Pathways—HIF1A—hypertension	4.74e-05	0.00132	CbGpPWpGaD
Budesonide—CYP3A4—Cytochrome P450 - arranged by substrate type—CYP19A1—hypertension	4.7e-05	0.00131	CbGpPWpGaD
Budesonide—CYP3A4—Tryptophan metabolism—CYP1A1—hypertension	4.68e-05	0.00131	CbGpPWpGaD
Budesonide—NR3C1—Regulation of nuclear SMAD2/3 signaling—CDKN1A—hypertension	4.68e-05	0.00131	CbGpPWpGaD
Budesonide—NR3C1—Adipogenesis—PPARG—hypertension	4.66e-05	0.0013	CbGpPWpGaD
Budesonide—CYP3A4—Oxidation by Cytochrome P450—CYP19A1—hypertension	4.64e-05	0.0013	CbGpPWpGaD
Budesonide—NR3C1—Glucocorticoid receptor regulatory network—CDKN1A—hypertension	4.63e-05	0.00129	CbGpPWpGaD
Budesonide—Prednisone—NR3C1—hypertension	4.57e-05	0.0107	CrCbGaD
Budesonide—NR3C1—Adipogenesis—INS—hypertension	4.57e-05	0.00128	CbGpPWpGaD
Budesonide—NR3C1—Glucocorticoid receptor regulatory network—MAPK8—hypertension	4.52e-05	0.00126	CbGpPWpGaD
Budesonide—CYP3A4—Nuclear Receptors in Lipid Metabolism and Toxicity—PPARG—hypertension	4.51e-05	0.00126	CbGpPWpGaD
Budesonide—NR3C1—Regulation of nuclear SMAD2/3 signaling—EP300—hypertension	4.45e-05	0.00124	CbGpPWpGaD
Budesonide—NR3C1—Endoderm Differentiation—TGFB1—hypertension	4.45e-05	0.00124	CbGpPWpGaD
Budesonide—NR3C1—Adipogenesis—IGF1—hypertension	4.42e-05	0.00124	CbGpPWpGaD
Budesonide—NR3C1—Glucocorticoid receptor regulatory network—EP300—hypertension	4.41e-05	0.00123	CbGpPWpGaD
Budesonide—CYP3A4—Biological oxidations—CYP4A11—hypertension	4.41e-05	0.00123	CbGpPWpGaD
Budesonide—NR3C1—FOXA2 and FOXA3 transcription factor networks—AKT1—hypertension	4.38e-05	0.00123	CbGpPWpGaD
Budesonide—NR3C1—AP-1 transcription factor network—MYC—hypertension	4.36e-05	0.00122	CbGpPWpGaD
Budesonide—NR3C1—AP-1 transcription factor network—TGFB1—hypertension	4.35e-05	0.00122	CbGpPWpGaD
Budesonide—Hydrocortisone—CYP3A5—hypertension	4.32e-05	0.0101	CrCbGaD
Budesonide—NR3C1—Generic Transcription Pathway—NPPA—hypertension	4.28e-05	0.0012	CbGpPWpGaD
Budesonide—CYP3A4—Biological oxidations—CYP3A5—hypertension	4.24e-05	0.00119	CbGpPWpGaD
Budesonide—CYP3A4—Biological oxidations—PTGIS—hypertension	4.24e-05	0.00119	CbGpPWpGaD
Budesonide—Prednisolone—NR3C1—hypertension	4.22e-05	0.00983	CrCbGaD
Budesonide—NR3C1—Adipogenesis—SERPINE1—hypertension	4.2e-05	0.00117	CbGpPWpGaD
Budesonide—CYP3A4—Metapathway biotransformation—CYP3A5—hypertension	4.18e-05	0.00117	CbGpPWpGaD
Budesonide—Betamethasone—NR3C1—hypertension	4.13e-05	0.00963	CrCbGaD
Budesonide—CYP3A4—Biological oxidations—CYP11B2—hypertension	3.97e-05	0.00111	CbGpPWpGaD
Budesonide—CYP3A4—Metapathway biotransformation—CYP11B2—hypertension	3.91e-05	0.00109	CbGpPWpGaD
Budesonide—NR3C1—Regulation of nuclear SMAD2/3 signaling—MYC—hypertension	3.88e-05	0.00108	CbGpPWpGaD
Budesonide—CYP3A4—Phase 1 - Functionalization of compounds—CYP19A1—hypertension	3.81e-05	0.00106	CbGpPWpGaD
Budesonide—CYP3A4—Cytochrome P450 - arranged by substrate type—CYP1A1—hypertension	3.79e-05	0.00106	CbGpPWpGaD
Budesonide—CYP3A4—Biological oxidations—TBXAS1—hypertension	3.75e-05	0.00105	CbGpPWpGaD
Budesonide—CYP3A4—Oxidation by Cytochrome P450—CYP1A1—hypertension	3.74e-05	0.00104	CbGpPWpGaD
Budesonide—NR3C1—AP-1 transcription factor network—TP53—hypertension	3.58e-05	0.001	CbGpPWpGaD
Budesonide—NR3C1—Generic Transcription Pathway—CTGF—hypertension	3.36e-05	0.00094	CbGpPWpGaD
Budesonide—CYP3A4—Biological oxidations—CYP2C18—hypertension	3.34e-05	0.000933	CbGpPWpGaD
Budesonide—CYP3A4—Metapathway biotransformation—CYP2C18—hypertension	3.29e-05	0.000921	CbGpPWpGaD
Budesonide—NR3C1—Gene Expression—NR3C2—hypertension	3.29e-05	0.000918	CbGpPWpGaD
Budesonide—NR3C1—AP-1 transcription factor network—IL6—hypertension	3.28e-05	0.000916	CbGpPWpGaD
Budesonide—Hydrocortisone—NR3C1—hypertension	3.22e-05	0.00752	CrCbGaD
Budesonide—Dexamethasone—CYP3A5—hypertension	3.22e-05	0.0075	CrCbGaD
Budesonide—NR3C1—Adipogenesis—CDKN1A—hypertension	3.2e-05	0.000896	CbGpPWpGaD
Budesonide—NR3C1—Glucocorticoid receptor regulatory network—TP53—hypertension	3.15e-05	0.000882	CbGpPWpGaD
Budesonide—NR3C1—Generic Transcription Pathway—ESR2—hypertension	3.08e-05	0.00086	CbGpPWpGaD
Budesonide—NR3C1—SIDS Susceptibility Pathways—CXCL8—hypertension	3.07e-05	0.000859	CbGpPWpGaD
Budesonide—CYP3A4—Phase 1 - Functionalization of compounds—CYP1A1—hypertension	3.07e-05	0.000858	CbGpPWpGaD
Budesonide—Dexamethasone—CYP19A1—hypertension	2.96e-05	0.00692	CrCbGaD
Budesonide—NR3C1—SIDS Susceptibility Pathways—IL1B—hypertension	2.95e-05	0.000824	CbGpPWpGaD
Budesonide—CYP3A4—Metapathway biotransformation—GPX3—hypertension	2.92e-05	0.000816	CbGpPWpGaD
Budesonide—NR3C1—Generic Transcription Pathway—NOTCH2—hypertension	2.91e-05	0.000814	CbGpPWpGaD
Budesonide—NR3C1—Glucocorticoid receptor regulatory network—IL6—hypertension	2.89e-05	0.000807	CbGpPWpGaD
Budesonide—Triamcinolone—PTGS2—hypertension	2.86e-05	0.00667	CrCbGaD
Budesonide—CYP3A4—Biological oxidations—ALDH2—hypertension	2.84e-05	0.000794	CbGpPWpGaD
Budesonide—CYP3A4—Cytochrome P450 - arranged by substrate type—POMC—hypertension	2.82e-05	0.000789	CbGpPWpGaD
Budesonide—NR3C1—Generic Transcription Pathway—HDAC1—hypertension	2.79e-05	0.00078	CbGpPWpGaD
Budesonide—CYP3A4—Biological oxidations—CYP11A1—hypertension	2.75e-05	0.000769	CbGpPWpGaD
Budesonide—NR3C1—Gene Expression—NEDD4L—hypertension	2.72e-05	0.000761	CbGpPWpGaD
Budesonide—NR3C1—Generic Transcription Pathway—AR—hypertension	2.72e-05	0.000759	CbGpPWpGaD
Budesonide—CYP3A4—Metapathway biotransformation—CYP11A1—hypertension	2.71e-05	0.000758	CbGpPWpGaD
Budesonide—CYP3A4—Biological oxidations—GSTT1—hypertension	2.7e-05	0.000755	CbGpPWpGaD
Budesonide—NR3C1—Regulation of nuclear SMAD2/3 signaling—AKT1—hypertension	2.69e-05	0.000752	CbGpPWpGaD
Budesonide—CYP3A4—Biological oxidations—GCLC—hypertension	2.67e-05	0.000746	CbGpPWpGaD
Budesonide—NR3C1—Glucocorticoid receptor regulatory network—AKT1—hypertension	2.66e-05	0.000745	CbGpPWpGaD
Budesonide—NR3C1—Adipogenesis—TGFB1—hypertension	2.65e-05	0.000741	CbGpPWpGaD
Budesonide—NR3C1—SIDS Susceptibility Pathways—EP300—hypertension	2.64e-05	0.000737	CbGpPWpGaD
Budesonide—CYP3A4—Biological oxidations—CYP17A1—hypertension	2.56e-05	0.000715	CbGpPWpGaD
Budesonide—CYP3A4—Biological oxidations—PTGS1—hypertension	2.53e-05	0.000707	CbGpPWpGaD
Budesonide—CYP3A4—Metapathway biotransformation—CYP17A1—hypertension	2.52e-05	0.000705	CbGpPWpGaD
Budesonide—NR3C1—SIDS Susceptibility Pathways—VEGFA—hypertension	2.5e-05	0.000698	CbGpPWpGaD
Budesonide—NR3C1—Adipogenesis—TNF—hypertension	2.47e-05	0.000692	CbGpPWpGaD
Budesonide—NR3C1—Generic Transcription Pathway—VDR—hypertension	2.44e-05	0.000682	CbGpPWpGaD
Budesonide—Dexamethasone—NR3C1—hypertension	2.4e-05	0.0056	CrCbGaD
Budesonide—NR3C1—Gene Expression—GATA4—hypertension	2.37e-05	0.000662	CbGpPWpGaD
Budesonide—Betamethasone—PTGS2—hypertension	2.34e-05	0.00547	CrCbGaD
Budesonide—Prednisone—ALB—hypertension	2.31e-05	0.00539	CrCbGaD
Budesonide—CYP3A4—Phase 1 - Functionalization of compounds—POMC—hypertension	2.29e-05	0.00064	CbGpPWpGaD
Budesonide—Dexamethasone—CYP1A1—hypertension	2.18e-05	0.00509	CrCbGaD
Budesonide—NR3C1—SIDS Susceptibility Pathways—TNF—hypertension	2.14e-05	0.000598	CbGpPWpGaD
Budesonide—NR3C1—Gene Expression—NPPA—hypertension	2.06e-05	0.000577	CbGpPWpGaD
Budesonide—NR3C1—Generic Transcription Pathway—PPARA—hypertension	2.06e-05	0.000575	CbGpPWpGaD
Budesonide—CYP3A4—Biological oxidations—CYP19A1—hypertension	2.02e-05	0.000566	CbGpPWpGaD
Budesonide—NR3C1—Adipogenesis—IL6—hypertension	2e-05	0.000558	CbGpPWpGaD
Budesonide—CYP3A4—Metapathway biotransformation—CYP19A1—hypertension	2e-05	0.000558	CbGpPWpGaD
Budesonide—Rash—Nifedipine—hypertension	1.99e-05	9.8e-05	CcSEcCtD
Budesonide—Nervous system disorder—Ramipril—hypertension	1.99e-05	9.79e-05	CcSEcCtD
Budesonide—Dermatitis—Nifedipine—hypertension	1.98e-05	9.79e-05	CcSEcCtD
Budesonide—Abdominal pain—Irbesartan—hypertension	1.98e-05	9.78e-05	CcSEcCtD
Budesonide—Body temperature increased—Irbesartan—hypertension	1.98e-05	9.78e-05	CcSEcCtD
Budesonide—Anaphylactic shock—Timolol—hypertension	1.98e-05	9.76e-05	CcSEcCtD
Budesonide—Loss of consciousness—Lisinopril—hypertension	1.98e-05	9.75e-05	CcSEcCtD
Budesonide—Rash—Verapamil—hypertension	1.98e-05	9.75e-05	CcSEcCtD
Budesonide—Urticaria—Hydrochlorothiazide—hypertension	1.98e-05	9.75e-05	CcSEcCtD
Budesonide—Tachycardia—Ramipril—hypertension	1.98e-05	9.75e-05	CcSEcCtD
Budesonide—Dermatitis—Verapamil—hypertension	1.98e-05	9.74e-05	CcSEcCtD
Budesonide—Headache—Nifedipine—hypertension	1.97e-05	9.73e-05	CcSEcCtD
Budesonide—Pruritus—Clonidine—hypertension	1.97e-05	9.71e-05	CcSEcCtD
Budesonide—Abdominal pain—Hydrochlorothiazide—hypertension	1.97e-05	9.7e-05	CcSEcCtD
Budesonide—Body temperature increased—Hydrochlorothiazide—hypertension	1.97e-05	9.7e-05	CcSEcCtD
Budesonide—Skin disorder—Ramipril—hypertension	1.97e-05	9.7e-05	CcSEcCtD
Budesonide—Infection—Timolol—hypertension	1.97e-05	9.7e-05	CcSEcCtD
Budesonide—Headache—Verapamil—hypertension	1.96e-05	9.69e-05	CcSEcCtD
Budesonide—Hypersensitivity—Telmisartan—hypertension	1.96e-05	9.69e-05	CcSEcCtD
Budesonide—Cough—Lisinopril—hypertension	1.96e-05	9.68e-05	CcSEcCtD
Budesonide—Nausea—Indapamide—hypertension	1.96e-05	9.67e-05	CcSEcCtD
Budesonide—Nausea—Diltiazem—hypertension	1.96e-05	9.67e-05	CcSEcCtD
Budesonide—Hyperhidrosis—Ramipril—hypertension	1.96e-05	9.65e-05	CcSEcCtD
Budesonide—Asthenia—Trandolapril—hypertension	1.95e-05	9.61e-05	CcSEcCtD
Budesonide—Shock—Timolol—hypertension	1.95e-05	9.61e-05	CcSEcCtD
Budesonide—Feeling abnormal—Losartan—hypertension	1.95e-05	9.6e-05	CcSEcCtD
Budesonide—Urticaria—Furosemide—hypertension	1.94e-05	9.59e-05	CcSEcCtD
Budesonide—Nervous system disorder—Timolol—hypertension	1.94e-05	9.57e-05	CcSEcCtD
Budesonide—Nausea—Carvedilol—hypertension	1.94e-05	9.57e-05	CcSEcCtD
Budesonide—Asthenia—Enalapril—hypertension	1.94e-05	9.57e-05	CcSEcCtD
Budesonide—Abdominal pain—Furosemide—hypertension	1.93e-05	9.54e-05	CcSEcCtD
Budesonide—Body temperature increased—Furosemide—hypertension	1.93e-05	9.54e-05	CcSEcCtD
Budesonide—Gastrointestinal pain—Losartan—hypertension	1.93e-05	9.52e-05	CcSEcCtD
Budesonide—Dizziness—Valsartan—hypertension	1.93e-05	9.52e-05	CcSEcCtD
Budesonide—Anorexia—Ramipril—hypertension	1.93e-05	9.52e-05	CcSEcCtD
Budesonide—Urticaria—Betaxolol—hypertension	1.93e-05	9.49e-05	CcSEcCtD
Budesonide—Skin disorder—Timolol—hypertension	1.92e-05	9.48e-05	CcSEcCtD
Budesonide—Dizziness—Olmesartan—hypertension	1.92e-05	9.48e-05	CcSEcCtD
Budesonide—Pruritus—Trandolapril—hypertension	1.92e-05	9.47e-05	CcSEcCtD
Budesonide—Nausea—Doxazosin—hypertension	1.92e-05	9.47e-05	CcSEcCtD
Budesonide—Chest pain—Lisinopril—hypertension	1.92e-05	9.45e-05	CcSEcCtD
Budesonide—Myalgia—Lisinopril—hypertension	1.92e-05	9.45e-05	CcSEcCtD
Budesonide—Arthralgia—Lisinopril—hypertension	1.92e-05	9.45e-05	CcSEcCtD
Budesonide—Body temperature increased—Betaxolol—hypertension	1.92e-05	9.45e-05	CcSEcCtD
Budesonide—Hyperhidrosis—Timolol—hypertension	1.91e-05	9.44e-05	CcSEcCtD
Budesonide—Asthenia—Telmisartan—hypertension	1.91e-05	9.44e-05	CcSEcCtD
Budesonide—Pruritus—Enalapril—hypertension	1.91e-05	9.43e-05	CcSEcCtD
Budesonide—Anxiety—Lisinopril—hypertension	1.91e-05	9.42e-05	CcSEcCtD
Budesonide—Diarrhoea—Clonidine—hypertension	1.9e-05	9.39e-05	CcSEcCtD
Budesonide—Unspecified disorder of skin and subcutaneous tissue—Lisinopril—hypertension	1.9e-05	9.38e-05	CcSEcCtD
Budesonide—Nausea—Fosinopril—hypertension	1.9e-05	9.35e-05	CcSEcCtD
Budesonide—Discomfort—Lisinopril—hypertension	1.89e-05	9.33e-05	CcSEcCtD
Budesonide—Anorexia—Timolol—hypertension	1.89e-05	9.31e-05	CcSEcCtD
Budesonide—Pruritus—Telmisartan—hypertension	1.89e-05	9.31e-05	CcSEcCtD
Budesonide—Nausea—Eplerenone—hypertension	1.89e-05	9.3e-05	CcSEcCtD
Budesonide—CYP3A4—Biological oxidations—COMT—hypertension	1.88e-05	0.000526	CbGpPWpGaD
Budesonide—Urticaria—Losartan—hypertension	1.88e-05	9.25e-05	CcSEcCtD
Budesonide—Dry mouth—Lisinopril—hypertension	1.87e-05	9.24e-05	CcSEcCtD
Budesonide—Nausea—Nifedipine—hypertension	1.87e-05	9.23e-05	CcSEcCtD
Budesonide—Abdominal pain—Losartan—hypertension	1.87e-05	9.21e-05	CcSEcCtD
Budesonide—Body temperature increased—Losartan—hypertension	1.87e-05	9.21e-05	CcSEcCtD
Budesonide—Nausea—Verapamil—hypertension	1.86e-05	9.19e-05	CcSEcCtD
Budesonide—Asthenia—Captopril—hypertension	1.86e-05	9.18e-05	CcSEcCtD
Budesonide—Diarrhoea—Trandolapril—hypertension	1.86e-05	9.16e-05	CcSEcCtD
Budesonide—Vomiting—Valsartan—hypertension	1.86e-05	9.16e-05	CcSEcCtD
Budesonide—CYP3A4—Metapathway biotransformation—COMT—hypertension	1.86e-05	0.000519	CbGpPWpGaD
Budesonide—Confusional state—Lisinopril—hypertension	1.85e-05	9.13e-05	CcSEcCtD
Budesonide—Diarrhoea—Enalapril—hypertension	1.85e-05	9.12e-05	CcSEcCtD
Budesonide—Hypersensitivity—Irbesartan—hypertension	1.85e-05	9.12e-05	CcSEcCtD
Budesonide—Vomiting—Olmesartan—hypertension	1.85e-05	9.11e-05	CcSEcCtD
Budesonide—Musculoskeletal discomfort—Ramipril—hypertension	1.84e-05	9.1e-05	CcSEcCtD
Budesonide—Rash—Valsartan—hypertension	1.84e-05	9.08e-05	CcSEcCtD
Budesonide—Dizziness—Clonidine—hypertension	1.84e-05	9.08e-05	CcSEcCtD
Budesonide—Dermatitis—Valsartan—hypertension	1.84e-05	9.07e-05	CcSEcCtD
Budesonide—Anaphylactic shock—Lisinopril—hypertension	1.84e-05	9.06e-05	CcSEcCtD
Budesonide—Pruritus—Captopril—hypertension	1.83e-05	9.05e-05	CcSEcCtD
Budesonide—Hypersensitivity—Hydrochlorothiazide—hypertension	1.83e-05	9.04e-05	CcSEcCtD
Budesonide—Rash—Olmesartan—hypertension	1.83e-05	9.04e-05	CcSEcCtD
Budesonide—Insomnia—Ramipril—hypertension	1.83e-05	9.03e-05	CcSEcCtD
Budesonide—Dermatitis—Olmesartan—hypertension	1.83e-05	9.03e-05	CcSEcCtD
Budesonide—Headache—Valsartan—hypertension	1.83e-05	9.02e-05	CcSEcCtD
Budesonide—Diarrhoea—Telmisartan—hypertension	1.82e-05	9e-05	CcSEcCtD
Budesonide—Infection—Lisinopril—hypertension	1.82e-05	9e-05	CcSEcCtD
Budesonide—Headache—Olmesartan—hypertension	1.82e-05	8.98e-05	CcSEcCtD
Budesonide—Paraesthesia—Ramipril—hypertension	1.82e-05	8.97e-05	CcSEcCtD
Budesonide—Shock—Lisinopril—hypertension	1.81e-05	8.91e-05	CcSEcCtD
Budesonide—Asthenia—Perindopril—hypertension	1.81e-05	8.91e-05	CcSEcCtD
Budesonide—Dyspnoea—Ramipril—hypertension	1.81e-05	8.9e-05	CcSEcCtD
Budesonide—Musculoskeletal discomfort—Timolol—hypertension	1.8e-05	8.9e-05	CcSEcCtD
Budesonide—Hypersensitivity—Furosemide—hypertension	1.8e-05	8.89e-05	CcSEcCtD
Budesonide—NR3C1—Generic Transcription Pathway—NOTCH1—hypertension	1.8e-05	0.000504	CbGpPWpGaD
Budesonide—Asthenia—Irbesartan—hypertension	1.8e-05	8.88e-05	CcSEcCtD
Budesonide—Somnolence—Ramipril—hypertension	1.8e-05	8.88e-05	CcSEcCtD
Budesonide—Dizziness—Trandolapril—hypertension	1.8e-05	8.85e-05	CcSEcCtD
Budesonide—Tachycardia—Lisinopril—hypertension	1.79e-05	8.84e-05	CcSEcCtD
Budesonide—Insomnia—Timolol—hypertension	1.79e-05	8.83e-05	CcSEcCtD
Budesonide—Dizziness—Enalapril—hypertension	1.79e-05	8.82e-05	CcSEcCtD
Budesonide—Asthenia—Hydrochlorothiazide—hypertension	1.79e-05	8.81e-05	CcSEcCtD
Budesonide—Hypersensitivity—Betaxolol—hypertension	1.79e-05	8.81e-05	CcSEcCtD
Budesonide—Skin disorder—Lisinopril—hypertension	1.78e-05	8.8e-05	CcSEcCtD
Budesonide—Dyspepsia—Ramipril—hypertension	1.78e-05	8.79e-05	CcSEcCtD
Budesonide—Pruritus—Perindopril—hypertension	1.78e-05	8.79e-05	CcSEcCtD
Budesonide—Paraesthesia—Timolol—hypertension	1.78e-05	8.77e-05	CcSEcCtD
Budesonide—Pruritus—Irbesartan—hypertension	1.78e-05	8.76e-05	CcSEcCtD
Budesonide—Hyperhidrosis—Lisinopril—hypertension	1.78e-05	8.76e-05	CcSEcCtD
Budesonide—Diarrhoea—Captopril—hypertension	1.77e-05	8.75e-05	CcSEcCtD
Budesonide—Vomiting—Clonidine—hypertension	1.77e-05	8.73e-05	CcSEcCtD
Budesonide—Dyspnoea—Timolol—hypertension	1.76e-05	8.7e-05	CcSEcCtD
Budesonide—Dizziness—Telmisartan—hypertension	1.76e-05	8.7e-05	CcSEcCtD
Budesonide—Pruritus—Hydrochlorothiazide—hypertension	1.76e-05	8.68e-05	CcSEcCtD
Budesonide—Decreased appetite—Ramipril—hypertension	1.76e-05	8.68e-05	CcSEcCtD
Budesonide—Somnolence—Timolol—hypertension	1.76e-05	8.68e-05	CcSEcCtD
Budesonide—Asthenia—Furosemide—hypertension	1.76e-05	8.66e-05	CcSEcCtD
Budesonide—Rash—Clonidine—hypertension	1.75e-05	8.66e-05	CcSEcCtD
Budesonide—Dermatitis—Clonidine—hypertension	1.75e-05	8.65e-05	CcSEcCtD
Budesonide—Anorexia—Lisinopril—hypertension	1.75e-05	8.63e-05	CcSEcCtD
Budesonide—Gastrointestinal disorder—Ramipril—hypertension	1.75e-05	8.62e-05	CcSEcCtD
Budesonide—Fatigue—Ramipril—hypertension	1.75e-05	8.61e-05	CcSEcCtD
Budesonide—Headache—Clonidine—hypertension	1.74e-05	8.6e-05	CcSEcCtD
Budesonide—Dyspepsia—Timolol—hypertension	1.74e-05	8.59e-05	CcSEcCtD
Budesonide—Hypersensitivity—Losartan—hypertension	1.74e-05	8.58e-05	CcSEcCtD
Budesonide—Asthenia—Betaxolol—hypertension	1.74e-05	8.57e-05	CcSEcCtD
Budesonide—Nausea—Valsartan—hypertension	1.73e-05	8.55e-05	CcSEcCtD
Budesonide—Pruritus—Furosemide—hypertension	1.73e-05	8.54e-05	CcSEcCtD
Budesonide—Constipation—Ramipril—hypertension	1.73e-05	8.54e-05	CcSEcCtD
Budesonide—Nausea—Olmesartan—hypertension	1.73e-05	8.51e-05	CcSEcCtD
Budesonide—NR3C1—SIDS Susceptibility Pathways—IL6—hypertension	1.73e-05	0.000482	CbGpPWpGaD
Budesonide—Vomiting—Trandolapril—hypertension	1.73e-05	8.51e-05	CcSEcCtD
Budesonide—Diarrhoea—Perindopril—hypertension	1.72e-05	8.5e-05	CcSEcCtD
Budesonide—Decreased appetite—Timolol—hypertension	1.72e-05	8.49e-05	CcSEcCtD
Budesonide—CYP3A4—Biological oxidations—GSTM1—hypertension	1.72e-05	0.000481	CbGpPWpGaD
Budesonide—Vomiting—Enalapril—hypertension	1.72e-05	8.48e-05	CcSEcCtD
Budesonide—Diarrhoea—Irbesartan—hypertension	1.72e-05	8.47e-05	CcSEcCtD
Budesonide—Dizziness—Captopril—hypertension	1.71e-05	8.46e-05	CcSEcCtD
Budesonide—Pruritus—Betaxolol—hypertension	1.71e-05	8.46e-05	CcSEcCtD
Budesonide—Rash—Trandolapril—hypertension	1.71e-05	8.44e-05	CcSEcCtD
Budesonide—Dermatitis—Trandolapril—hypertension	1.71e-05	8.43e-05	CcSEcCtD
Budesonide—Gastrointestinal disorder—Timolol—hypertension	1.71e-05	8.43e-05	CcSEcCtD
Budesonide—Fatigue—Timolol—hypertension	1.71e-05	8.42e-05	CcSEcCtD
Budesonide—Rash—Enalapril—hypertension	1.7e-05	8.41e-05	CcSEcCtD
Budesonide—Dermatitis—Enalapril—hypertension	1.7e-05	8.4e-05	CcSEcCtD
Budesonide—Diarrhoea—Hydrochlorothiazide—hypertension	1.7e-05	8.4e-05	CcSEcCtD
Budesonide—NR3C1—Generic Transcription Pathway—PPARG—hypertension	1.7e-05	0.000476	CbGpPWpGaD
Budesonide—Headache—Trandolapril—hypertension	1.7e-05	8.39e-05	CcSEcCtD
Budesonide—CYP3A4—Metapathway biotransformation—GSTM1—hypertension	1.7e-05	0.000474	CbGpPWpGaD
Budesonide—Vomiting—Telmisartan—hypertension	1.7e-05	8.36e-05	CcSEcCtD
Budesonide—Asthenia—Losartan—hypertension	1.69e-05	8.36e-05	CcSEcCtD
Budesonide—Headache—Enalapril—hypertension	1.69e-05	8.35e-05	CcSEcCtD
Budesonide—Pain—Timolol—hypertension	1.69e-05	8.35e-05	CcSEcCtD
Budesonide—Rash—Telmisartan—hypertension	1.68e-05	8.29e-05	CcSEcCtD
Budesonide—Dermatitis—Telmisartan—hypertension	1.68e-05	8.29e-05	CcSEcCtD
Budesonide—Diarrhoea—Furosemide—hypertension	1.67e-05	8.26e-05	CcSEcCtD
Budesonide—Musculoskeletal discomfort—Lisinopril—hypertension	1.67e-05	8.25e-05	CcSEcCtD
Budesonide—Pruritus—Losartan—hypertension	1.67e-05	8.24e-05	CcSEcCtD
Budesonide—Headache—Telmisartan—hypertension	1.67e-05	8.24e-05	CcSEcCtD
Budesonide—Feeling abnormal—Ramipril—hypertension	1.67e-05	8.23e-05	CcSEcCtD
Budesonide—Dizziness—Perindopril—hypertension	1.66e-05	8.21e-05	CcSEcCtD
Budesonide—Insomnia—Lisinopril—hypertension	1.66e-05	8.19e-05	CcSEcCtD
Budesonide—Dizziness—Irbesartan—hypertension	1.66e-05	8.18e-05	CcSEcCtD
Budesonide—Diarrhoea—Betaxolol—hypertension	1.66e-05	8.18e-05	CcSEcCtD
Budesonide—Gastrointestinal pain—Ramipril—hypertension	1.66e-05	8.17e-05	CcSEcCtD
Budesonide—Nausea—Clonidine—hypertension	1.65e-05	8.15e-05	CcSEcCtD
Budesonide—Paraesthesia—Lisinopril—hypertension	1.65e-05	8.13e-05	CcSEcCtD
Budesonide—Vomiting—Captopril—hypertension	1.65e-05	8.13e-05	CcSEcCtD
Budesonide—Dizziness—Hydrochlorothiazide—hypertension	1.65e-05	8.12e-05	CcSEcCtD
Budesonide—Dyspnoea—Lisinopril—hypertension	1.64e-05	8.07e-05	CcSEcCtD
Budesonide—Rash—Captopril—hypertension	1.64e-05	8.06e-05	CcSEcCtD
Budesonide—Dermatitis—Captopril—hypertension	1.63e-05	8.06e-05	CcSEcCtD
Budesonide—Somnolence—Lisinopril—hypertension	1.63e-05	8.05e-05	CcSEcCtD
Budesonide—Feeling abnormal—Timolol—hypertension	1.63e-05	8.05e-05	CcSEcCtD
Budesonide—CYP3A4—Biological oxidations—CYP1A1—hypertension	1.63e-05	0.000456	CbGpPWpGaD
Budesonide—Headache—Captopril—hypertension	1.62e-05	8.01e-05	CcSEcCtD
Budesonide—NR3C1—Gene Expression—CTGF—hypertension	1.62e-05	0.000452	CbGpPWpGaD
Budesonide—Gastrointestinal pain—Timolol—hypertension	1.62e-05	7.98e-05	CcSEcCtD
Budesonide—Dizziness—Furosemide—hypertension	1.62e-05	7.98e-05	CcSEcCtD
Budesonide—Dyspepsia—Lisinopril—hypertension	1.62e-05	7.97e-05	CcSEcCtD
Budesonide—Diarrhoea—Losartan—hypertension	1.62e-05	7.97e-05	CcSEcCtD
Budesonide—Nausea—Trandolapril—hypertension	1.61e-05	7.95e-05	CcSEcCtD
Budesonide—CYP3A4—Metabolism—FAH—hypertension	1.61e-05	0.00045	CbGpPWpGaD
Budesonide—Urticaria—Ramipril—hypertension	1.61e-05	7.93e-05	CcSEcCtD
Budesonide—CYP3A4—Metapathway biotransformation—CYP1A1—hypertension	1.61e-05	0.00045	CbGpPWpGaD
Budesonide—Nausea—Enalapril—hypertension	1.61e-05	7.92e-05	CcSEcCtD
Budesonide—Dizziness—Betaxolol—hypertension	1.6e-05	7.9e-05	CcSEcCtD
Budesonide—Vomiting—Perindopril—hypertension	1.6e-05	7.9e-05	CcSEcCtD
Budesonide—Abdominal pain—Ramipril—hypertension	1.6e-05	7.89e-05	CcSEcCtD
Budesonide—Body temperature increased—Ramipril—hypertension	1.6e-05	7.89e-05	CcSEcCtD
Budesonide—Decreased appetite—Lisinopril—hypertension	1.6e-05	7.87e-05	CcSEcCtD
Budesonide—Vomiting—Irbesartan—hypertension	1.6e-05	7.87e-05	CcSEcCtD
Budesonide—Rash—Perindopril—hypertension	1.59e-05	7.83e-05	CcSEcCtD
Budesonide—Dermatitis—Perindopril—hypertension	1.59e-05	7.82e-05	CcSEcCtD
Budesonide—Gastrointestinal disorder—Lisinopril—hypertension	1.59e-05	7.82e-05	CcSEcCtD
Budesonide—Nausea—Telmisartan—hypertension	1.58e-05	7.81e-05	CcSEcCtD
Budesonide—Fatigue—Lisinopril—hypertension	1.58e-05	7.81e-05	CcSEcCtD
Budesonide—Vomiting—Hydrochlorothiazide—hypertension	1.58e-05	7.8e-05	CcSEcCtD
Budesonide—Rash—Irbesartan—hypertension	1.58e-05	7.8e-05	CcSEcCtD
Budesonide—Dermatitis—Irbesartan—hypertension	1.58e-05	7.8e-05	CcSEcCtD
Budesonide—Headache—Perindopril—hypertension	1.58e-05	7.78e-05	CcSEcCtD
Budesonide—Urticaria—Timolol—hypertension	1.57e-05	7.76e-05	CcSEcCtD
Budesonide—Headache—Irbesartan—hypertension	1.57e-05	7.75e-05	CcSEcCtD
Budesonide—Constipation—Lisinopril—hypertension	1.57e-05	7.75e-05	CcSEcCtD
Budesonide—Pain—Lisinopril—hypertension	1.57e-05	7.75e-05	CcSEcCtD
Budesonide—Rash—Hydrochlorothiazide—hypertension	1.57e-05	7.74e-05	CcSEcCtD
Budesonide—Dermatitis—Hydrochlorothiazide—hypertension	1.57e-05	7.73e-05	CcSEcCtD
Budesonide—Abdominal pain—Timolol—hypertension	1.56e-05	7.72e-05	CcSEcCtD
Budesonide—Body temperature increased—Timolol—hypertension	1.56e-05	7.72e-05	CcSEcCtD
Budesonide—Dizziness—Losartan—hypertension	1.56e-05	7.7e-05	CcSEcCtD
Budesonide—Headache—Hydrochlorothiazide—hypertension	1.56e-05	7.69e-05	CcSEcCtD
Budesonide—Vomiting—Furosemide—hypertension	1.56e-05	7.68e-05	CcSEcCtD
Budesonide—Rash—Furosemide—hypertension	1.54e-05	7.61e-05	CcSEcCtD
Budesonide—Dermatitis—Furosemide—hypertension	1.54e-05	7.6e-05	CcSEcCtD
Budesonide—Vomiting—Betaxolol—hypertension	1.54e-05	7.6e-05	CcSEcCtD
Budesonide—Nausea—Captopril—hypertension	1.54e-05	7.6e-05	CcSEcCtD
Budesonide—Headache—Furosemide—hypertension	1.53e-05	7.56e-05	CcSEcCtD
Budesonide—NR3C1—Generic Transcription Pathway—SERPINE1—hypertension	1.53e-05	0.000428	CbGpPWpGaD
Budesonide—Rash—Betaxolol—hypertension	1.53e-05	7.54e-05	CcSEcCtD
Budesonide—Dermatitis—Betaxolol—hypertension	1.53e-05	7.53e-05	CcSEcCtD
Budesonide—Headache—Betaxolol—hypertension	1.52e-05	7.49e-05	CcSEcCtD
Budesonide—Feeling abnormal—Lisinopril—hypertension	1.51e-05	7.46e-05	CcSEcCtD
Budesonide—Gastrointestinal pain—Lisinopril—hypertension	1.5e-05	7.41e-05	CcSEcCtD
Budesonide—Vomiting—Losartan—hypertension	1.5e-05	7.41e-05	CcSEcCtD
Budesonide—Nausea—Perindopril—hypertension	1.5e-05	7.38e-05	CcSEcCtD
Budesonide—Hypersensitivity—Ramipril—hypertension	1.49e-05	7.36e-05	CcSEcCtD
Budesonide—Nausea—Irbesartan—hypertension	1.49e-05	7.35e-05	CcSEcCtD
Budesonide—Rash—Losartan—hypertension	1.49e-05	7.34e-05	CcSEcCtD
Budesonide—Dermatitis—Losartan—hypertension	1.49e-05	7.34e-05	CcSEcCtD
Budesonide—NR3C1—Gene Expression—ESR2—hypertension	1.48e-05	0.000414	CbGpPWpGaD
Budesonide—Headache—Losartan—hypertension	1.48e-05	7.3e-05	CcSEcCtD
Budesonide—Nausea—Hydrochlorothiazide—hypertension	1.48e-05	7.29e-05	CcSEcCtD
Budesonide—Urticaria—Lisinopril—hypertension	1.46e-05	7.2e-05	CcSEcCtD
Budesonide—Hypersensitivity—Timolol—hypertension	1.46e-05	7.19e-05	CcSEcCtD
Budesonide—Nausea—Furosemide—hypertension	1.45e-05	7.17e-05	CcSEcCtD
Budesonide—Asthenia—Ramipril—hypertension	1.45e-05	7.17e-05	CcSEcCtD
Budesonide—Abdominal pain—Lisinopril—hypertension	1.45e-05	7.16e-05	CcSEcCtD
Budesonide—Body temperature increased—Lisinopril—hypertension	1.45e-05	7.16e-05	CcSEcCtD
Budesonide—Nausea—Betaxolol—hypertension	1.44e-05	7.1e-05	CcSEcCtD
Budesonide—Pruritus—Ramipril—hypertension	1.43e-05	7.07e-05	CcSEcCtD
Budesonide—Asthenia—Timolol—hypertension	1.42e-05	7e-05	CcSEcCtD
Budesonide—Nausea—Losartan—hypertension	1.4e-05	6.92e-05	CcSEcCtD
Budesonide—NR3C1—Gene Expression—NOTCH2—hypertension	1.4e-05	0.000392	CbGpPWpGaD
Budesonide—Pruritus—Timolol—hypertension	1.4e-05	6.91e-05	CcSEcCtD
Budesonide—Diarrhoea—Ramipril—hypertension	1.39e-05	6.83e-05	CcSEcCtD
Budesonide—Dexamethasone—PTGS2—hypertension	1.36e-05	0.00318	CrCbGaD
Budesonide—Diarrhoea—Timolol—hypertension	1.35e-05	6.68e-05	CcSEcCtD
Budesonide—Hypersensitivity—Lisinopril—hypertension	1.35e-05	6.67e-05	CcSEcCtD
Budesonide—NR3C1—Gene Expression—HDAC1—hypertension	1.34e-05	0.000376	CbGpPWpGaD
Budesonide—Dizziness—Ramipril—hypertension	1.34e-05	6.6e-05	CcSEcCtD
Budesonide—Asthenia—Lisinopril—hypertension	1.32e-05	6.5e-05	CcSEcCtD
Budesonide—Dizziness—Timolol—hypertension	1.31e-05	6.46e-05	CcSEcCtD
Budesonide—NR3C1—Gene Expression—AR—hypertension	1.31e-05	0.000366	CbGpPWpGaD
Budesonide—Pruritus—Lisinopril—hypertension	1.3e-05	6.41e-05	CcSEcCtD
Budesonide—Vomiting—Ramipril—hypertension	1.29e-05	6.35e-05	CcSEcCtD
Budesonide—Rash—Ramipril—hypertension	1.28e-05	6.3e-05	CcSEcCtD
Budesonide—Dermatitis—Ramipril—hypertension	1.28e-05	6.29e-05	CcSEcCtD
Budesonide—Headache—Ramipril—hypertension	1.27e-05	6.26e-05	CcSEcCtD
Budesonide—Vomiting—Timolol—hypertension	1.26e-05	6.21e-05	CcSEcCtD
Budesonide—Diarrhoea—Lisinopril—hypertension	1.26e-05	6.2e-05	CcSEcCtD
Budesonide—Rash—Timolol—hypertension	1.25e-05	6.16e-05	CcSEcCtD
Budesonide—Dermatitis—Timolol—hypertension	1.25e-05	6.15e-05	CcSEcCtD
Budesonide—Headache—Timolol—hypertension	1.24e-05	6.12e-05	CcSEcCtD
Budesonide—CYP3A4—Metabolism—PNMT—hypertension	1.22e-05	0.000341	CbGpPWpGaD
Budesonide—CYP3A4—Metabolism—HAS3—hypertension	1.22e-05	0.000341	CbGpPWpGaD
Budesonide—CYP3A4—Metabolism—HAS2—hypertension	1.22e-05	0.000341	CbGpPWpGaD
Budesonide—CYP3A4—Metabolism—HYAL2—hypertension	1.22e-05	0.000341	CbGpPWpGaD
Budesonide—CYP3A4—Metabolism—HAS1—hypertension	1.22e-05	0.000341	CbGpPWpGaD
Budesonide—CYP3A4—Metabolism—QDPR—hypertension	1.22e-05	0.000341	CbGpPWpGaD
Budesonide—CYP3A4—Biological oxidations—POMC—hypertension	1.22e-05	0.00034	CbGpPWpGaD
Budesonide—Dizziness—Lisinopril—hypertension	1.21e-05	5.99e-05	CcSEcCtD
Budesonide—Nausea—Ramipril—hypertension	1.2e-05	5.93e-05	CcSEcCtD
Budesonide—Nausea—Timolol—hypertension	1.18e-05	5.8e-05	CcSEcCtD
Budesonide—NR3C1—Gene Expression—VDR—hypertension	1.18e-05	0.000328	CbGpPWpGaD
Budesonide—Vomiting—Lisinopril—hypertension	1.17e-05	5.76e-05	CcSEcCtD
Budesonide—Rash—Lisinopril—hypertension	1.16e-05	5.71e-05	CcSEcCtD
Budesonide—Dermatitis—Lisinopril—hypertension	1.16e-05	5.71e-05	CcSEcCtD
Budesonide—Headache—Lisinopril—hypertension	1.15e-05	5.67e-05	CcSEcCtD
Budesonide—CYP3A4—Metabolism—GSTA5—hypertension	1.15e-05	0.000321	CbGpPWpGaD
Budesonide—NR3C1—Gene Expression—H2AFX—hypertension	1.11e-05	0.000311	CbGpPWpGaD
Budesonide—Nausea—Lisinopril—hypertension	1.09e-05	5.38e-05	CcSEcCtD
Budesonide—CYP3A4—Metabolism—HYAL1—hypertension	1.09e-05	0.000304	CbGpPWpGaD
Budesonide—CYP3A4—Metabolism—GSTT2—hypertension	1.09e-05	0.000304	CbGpPWpGaD
Budesonide—CYP3A4—Metabolism—MDH1—hypertension	1.09e-05	0.000304	CbGpPWpGaD
Budesonide—CYP3A4—Metabolism—CPS1—hypertension	1.09e-05	0.000304	CbGpPWpGaD
Budesonide—CYP3A4—Metabolism—CDO1—hypertension	1.09e-05	0.000304	CbGpPWpGaD
Budesonide—NR3C1—Gene Expression—PRKCA—hypertension	1.08e-05	0.000303	CbGpPWpGaD
Budesonide—NR3C1—Gene Expression—YWHAZ—hypertension	1.07e-05	0.0003	CbGpPWpGaD
Budesonide—CYP3A4—Metabolism—GCH1—hypertension	1.04e-05	0.00029	CbGpPWpGaD
Budesonide—CYP3A4—Metabolism—CYP4F12—hypertension	1.04e-05	0.00029	CbGpPWpGaD
Budesonide—NR3C1—Gene Expression—PRKCD—hypertension	1.03e-05	0.000289	CbGpPWpGaD
Budesonide—CYP3A4—Metabolism—PLCD1—hypertension	9.94e-06	0.000278	CbGpPWpGaD
Budesonide—NR3C1—Gene Expression—PPARA—hypertension	9.91e-06	0.000277	CbGpPWpGaD
Budesonide—NR3C1—Generic Transcription Pathway—MYC—hypertension	9.7e-06	0.000271	CbGpPWpGaD
Budesonide—CYP3A4—Metabolism—AHCY—hypertension	9.57e-06	0.000268	CbGpPWpGaD
Budesonide—CYP3A4—Metabolism—CYP11B1—hypertension	9.57e-06	0.000268	CbGpPWpGaD
Budesonide—CYP3A4—Metabolism—EPHX2—hypertension	9.24e-06	0.000258	CbGpPWpGaD
Budesonide—CYP3A4—Metabolism—GSTM5—hypertension	9.24e-06	0.000258	CbGpPWpGaD
Budesonide—CYP3A4—Metabolism—GBA—hypertension	9.24e-06	0.000258	CbGpPWpGaD
Budesonide—CYP3A4—Metabolism—ALOX12—hypertension	9.24e-06	0.000258	CbGpPWpGaD
Budesonide—CYP3A4—Metabolism—DBH—hypertension	9.24e-06	0.000258	CbGpPWpGaD
Budesonide—CYP3A4—Metabolism—CYP2J2—hypertension	8.95e-06	0.00025	CbGpPWpGaD
Budesonide—CYP3A4—Metabolism—DECR1—hypertension	8.69e-06	0.000243	CbGpPWpGaD
Budesonide—CYP3A4—Metabolism—GLS2—hypertension	8.69e-06	0.000243	CbGpPWpGaD
Budesonide—CYP3A4—Metabolism—ARG1—hypertension	8.69e-06	0.000243	CbGpPWpGaD
Budesonide—CYP3A4—Metabolism—COX5B—hypertension	8.69e-06	0.000243	CbGpPWpGaD
Budesonide—NR3C1—Gene Expression—NOTCH1—hypertension	8.68e-06	0.000243	CbGpPWpGaD
Budesonide—CYP3A4—Metabolism—ALAD—hypertension	8.24e-06	0.00023	CbGpPWpGaD
Budesonide—NR3C1—Gene Expression—PPARG—hypertension	8.19e-06	0.000229	CbGpPWpGaD
Budesonide—CYP3A4—Metabolism—STS—hypertension	7.86e-06	0.00022	CbGpPWpGaD
Budesonide—CYP3A4—Metabolism—PLCE1—hypertension	7.86e-06	0.00022	CbGpPWpGaD
Budesonide—CYP3A4—Metabolism—ALDH7A1—hypertension	7.86e-06	0.00022	CbGpPWpGaD
Budesonide—CYP3A4—Metabolism—CBS—hypertension	7.54e-06	0.000211	CbGpPWpGaD
Budesonide—CYP3A4—Metabolism—ARG2—hypertension	7.54e-06	0.000211	CbGpPWpGaD
Budesonide—CYP3A4—Metabolism—CYP4A11—hypertension	7.54e-06	0.000211	CbGpPWpGaD
Budesonide—CYP3A4—Metabolism—XDH—hypertension	7.39e-06	0.000207	CbGpPWpGaD
Budesonide—NR3C1—Gene Expression—SERPINE1—hypertension	7.38e-06	0.000206	CbGpPWpGaD
Budesonide—CYP3A4—Metabolism—PTGIS—hypertension	7.25e-06	0.000203	CbGpPWpGaD
Budesonide—CYP3A4—Metabolism—SLC5A2—hypertension	7.25e-06	0.000203	CbGpPWpGaD
Budesonide—CYP3A4—Metabolism—CYP3A5—hypertension	7.25e-06	0.000203	CbGpPWpGaD
Budesonide—CYP3A4—Metabolism—TPH1—hypertension	7.01e-06	0.000196	CbGpPWpGaD
Budesonide—CYP3A4—Metabolism—ABCC1—hypertension	7.01e-06	0.000196	CbGpPWpGaD
Budesonide—CYP3A4—Metabolism—UCP3—hypertension	7.01e-06	0.000196	CbGpPWpGaD
Budesonide—CYP3A4—Metabolism—HSD11B1—hypertension	7.01e-06	0.000196	CbGpPWpGaD
Budesonide—CYP3A4—Metabolism—UCP2—hypertension	7.01e-06	0.000196	CbGpPWpGaD
Budesonide—CYP3A4—Metabolism—ALAS1—hypertension	6.78e-06	0.00019	CbGpPWpGaD
Budesonide—CYP3A4—Metabolism—CYP11B2—hypertension	6.78e-06	0.00019	CbGpPWpGaD
Budesonide—CYP3A4—Metabolism—SLC2A3—hypertension	6.78e-06	0.00019	CbGpPWpGaD
Budesonide—CYP3A4—Metabolism—HSD3B1—hypertension	6.68e-06	0.000187	CbGpPWpGaD
Budesonide—CYP3A4—Metabolism—ADA—hypertension	6.68e-06	0.000187	CbGpPWpGaD
Budesonide—CYP3A4—Metabolism—FADS1—hypertension	6.59e-06	0.000184	CbGpPWpGaD
Budesonide—CYP3A4—Metabolism—AQP1—hypertension	6.59e-06	0.000184	CbGpPWpGaD
Budesonide—CYP3A4—Metabolism—CA9—hypertension	6.41e-06	0.000179	CbGpPWpGaD
Budesonide—CYP3A4—Metabolism—TBXAS1—hypertension	6.41e-06	0.000179	CbGpPWpGaD
Budesonide—CYP3A4—Metabolism—ALOX5AP—hypertension	6.24e-06	0.000175	CbGpPWpGaD
Budesonide—CYP3A4—Metabolism—ALOX15—hypertension	6.24e-06	0.000175	CbGpPWpGaD
Budesonide—CYP3A4—Metabolism—HADHA—hypertension	6.09e-06	0.00017	CbGpPWpGaD
Budesonide—CYP3A4—Metabolism—LHB—hypertension	6.09e-06	0.00017	CbGpPWpGaD
Budesonide—CYP3A4—Metabolism—KCNJ11—hypertension	5.96e-06	0.000166	CbGpPWpGaD
Budesonide—CYP3A4—Metabolism—LPA—hypertension	5.96e-06	0.000166	CbGpPWpGaD
Budesonide—CYP3A4—Metabolism—HSD3B2—hypertension	5.96e-06	0.000166	CbGpPWpGaD
Budesonide—CYP3A4—Metabolism—CYP2C18—hypertension	5.71e-06	0.00016	CbGpPWpGaD
Budesonide—CYP3A4—Metabolism—LRP2—hypertension	5.71e-06	0.00016	CbGpPWpGaD
Budesonide—CYP3A4—Metabolism—HSPG2—hypertension	5.5e-06	0.000154	CbGpPWpGaD
Budesonide—CYP3A4—Metabolism—GLP1R—hypertension	5.31e-06	0.000148	CbGpPWpGaD
Budesonide—CYP3A4—Metabolism—ALOX5—hypertension	5.31e-06	0.000148	CbGpPWpGaD
Budesonide—CYP3A4—Metabolism—ALDH2—hypertension	4.86e-06	0.000136	CbGpPWpGaD
Budesonide—CYP3A4—Metabolism—HBA1—hypertension	4.73e-06	0.000132	CbGpPWpGaD
Budesonide—CYP3A4—Metabolism—CYP11A1—hypertension	4.7e-06	0.000131	CbGpPWpGaD
Budesonide—NR3C1—Gene Expression—MYC—hypertension	4.67e-06	0.000131	CbGpPWpGaD
Budesonide—CYP3A4—Metabolism—GSTT1—hypertension	4.62e-06	0.000129	CbGpPWpGaD
Budesonide—CYP3A4—Metabolism—SLC9A1—hypertension	4.62e-06	0.000129	CbGpPWpGaD
Budesonide—CYP3A4—Metabolism—GCLC—hypertension	4.57e-06	0.000128	CbGpPWpGaD
Budesonide—CYP3A4—Metabolism—CETP—hypertension	4.57e-06	0.000128	CbGpPWpGaD
Budesonide—CYP3A4—Metabolism—CYP17A1—hypertension	4.37e-06	0.000122	CbGpPWpGaD
Budesonide—CYP3A4—Metabolism—ENO1—hypertension	4.33e-06	0.000121	CbGpPWpGaD
Budesonide—CYP3A4—Metabolism—PTGS1—hypertension	4.33e-06	0.000121	CbGpPWpGaD
Budesonide—CYP3A4—Metabolism—CTGF—hypertension	4.17e-06	0.000116	CbGpPWpGaD
Budesonide—CYP3A4—Metabolism—HMGCR—hypertension	4.13e-06	0.000115	CbGpPWpGaD
Budesonide—CYP3A4—Metabolism—GOT2—hypertension	4.13e-06	0.000115	CbGpPWpGaD
Budesonide—CYP3A4—Metabolism—ADRA2A—hypertension	4.04e-06	0.000113	CbGpPWpGaD
Budesonide—CYP3A4—Metabolism—TH—hypertension	3.78e-06	0.000106	CbGpPWpGaD
Budesonide—CYP3A4—Metabolism—CALM2—hypertension	3.77e-06	0.000105	CbGpPWpGaD
Budesonide—CYP3A4—Metabolism—SLC2A4—hypertension	3.68e-06	0.000103	CbGpPWpGaD
Budesonide—CYP3A4—Metabolism—GCG—hypertension	3.68e-06	0.000103	CbGpPWpGaD
Budesonide—CYP3A4—Metabolism—GOT1—hypertension	3.56e-06	9.96e-05	CbGpPWpGaD
Budesonide—CYP3A4—Metabolism—STK11—hypertension	3.46e-06	9.67e-05	CbGpPWpGaD
Budesonide—CYP3A4—Metabolism—CYP19A1—hypertension	3.46e-06	9.67e-05	CbGpPWpGaD
Budesonide—NR3C1—Gene Expression—AKT1—hypertension	3.24e-06	9.05e-05	CbGpPWpGaD
Budesonide—CYP3A4—Metabolism—COMT—hypertension	3.22e-06	8.99e-05	CbGpPWpGaD
Budesonide—CYP3A4—Metabolism—PPARGC1A—hypertension	3.17e-06	8.87e-05	CbGpPWpGaD
Budesonide—CYP3A4—Metabolism—GNB3—hypertension	3.17e-06	8.87e-05	CbGpPWpGaD
Budesonide—CYP3A4—Metabolism—HMOX1—hypertension	3.16e-06	8.83e-05	CbGpPWpGaD
Budesonide—CYP3A4—Metabolism—CAT—hypertension	3.12e-06	8.71e-05	CbGpPWpGaD
Budesonide—CYP3A4—Metabolism—GNAS—hypertension	3.09e-06	8.63e-05	CbGpPWpGaD
Budesonide—CYP3A4—Metabolism—APOB—hypertension	3.02e-06	8.45e-05	CbGpPWpGaD
Budesonide—CYP3A4—Metabolism—GSTM1—hypertension	2.94e-06	8.22e-05	CbGpPWpGaD
Budesonide—CYP3A4—Metabolism—LPL—hypertension	2.89e-06	8.07e-05	CbGpPWpGaD
Budesonide—CYP3A4—Metabolism—ADCY5—hypertension	2.83e-06	7.9e-05	CbGpPWpGaD
Budesonide—CYP3A4—Metabolism—GPX1—hypertension	2.82e-06	7.87e-05	CbGpPWpGaD
Budesonide—CYP3A4—Metabolism—PRKCA—hypertension	2.79e-06	7.8e-05	CbGpPWpGaD
Budesonide—CYP3A4—Metabolism—CYP1A1—hypertension	2.79e-06	7.8e-05	CbGpPWpGaD
Budesonide—CYP3A4—Metabolism—CD36—hypertension	2.74e-06	7.67e-05	CbGpPWpGaD
Budesonide—CYP3A4—Metabolism—MTHFR—hypertension	2.6e-06	7.27e-05	CbGpPWpGaD
Budesonide—CYP3A4—Metabolism—PPARA—hypertension	2.55e-06	7.13e-05	CbGpPWpGaD
Budesonide—CYP3A4—Metabolism—AGT—hypertension	2.47e-06	6.91e-05	CbGpPWpGaD
Budesonide—CYP3A4—Metabolism—CALM1—hypertension	2.43e-06	6.79e-05	CbGpPWpGaD
Budesonide—CYP3A4—Metabolism—APOE—hypertension	2.42e-06	6.77e-05	CbGpPWpGaD
Budesonide—CYP3A4—Metabolism—CAV1—hypertension	2.4e-06	6.7e-05	CbGpPWpGaD
Budesonide—CYP3A4—Metabolism—APOA1—hypertension	2.39e-06	6.69e-05	CbGpPWpGaD
Budesonide—CYP3A4—Metabolism—PPARG—hypertension	2.11e-06	5.89e-05	CbGpPWpGaD
Budesonide—CYP3A4—Metabolism—POMC—hypertension	2.08e-06	5.81e-05	CbGpPWpGaD
Budesonide—CYP3A4—Metabolism—INS—hypertension	2.07e-06	5.78e-05	CbGpPWpGaD
Budesonide—CYP3A4—Metabolism—ALB—hypertension	1.9e-06	5.3e-05	CbGpPWpGaD
Budesonide—CYP3A4—Metabolism—NOS3—hypertension	1.81e-06	5.07e-05	CbGpPWpGaD
Budesonide—CYP3A4—Metabolism—PIK3R1—hypertension	1.81e-06	5.07e-05	CbGpPWpGaD
Budesonide—CYP3A4—Metabolism—PTGS2—hypertension	1.66e-06	4.64e-05	CbGpPWpGaD
Budesonide—CYP3A4—Metabolism—PTEN—hypertension	1.45e-06	4.04e-05	CbGpPWpGaD
Budesonide—CYP3A4—Metabolism—EP300—hypertension	1.38e-06	3.86e-05	CbGpPWpGaD
Budesonide—CYP3A4—Metabolism—AKT1—hypertension	8.34e-07	2.33e-05	CbGpPWpGaD
