nodes	percent_of_prediction	percent_of_DWPC	metapath
Fluticasone Propionate—PLA2G4A—Orlistat—obesity	0.296	0.621	CbGbCtD
Fluticasone Propionate—NR3C1—obesity	0.244	1	CbGaD
Fluticasone Propionate—CYP3A7—Cimetidine—obesity	0.0357	0.075	CbGbCtD
Fluticasone Propionate—CYP3A7-CYP3A51P—Cimetidine—obesity	0.0357	0.075	CbGbCtD
Fluticasone Propionate—CYP3A5—Cimetidine—obesity	0.0268	0.0563	CbGbCtD
Fluticasone Propionate—CYP3A4—Sibutramine—obesity	0.0221	0.0464	CbGbCtD
Fluticasone Propionate—CYP3A4—Benzphetamine—obesity	0.0167	0.0351	CbGbCtD
Fluticasone Propionate—CYP3A4—Bupropion—obesity	0.0142	0.0299	CbGbCtD
Fluticasone Propionate—CYP3A4—Orlistat—obesity	0.0116	0.0244	CbGbCtD
Fluticasone Propionate—CYP3A4—Cimetidine—obesity	0.0104	0.0219	CbGbCtD
Fluticasone Propionate—PGR—ovarian follicle—obesity	0.00791	0.169	CbGeAlD
Fluticasone Propionate—CYP3A4—Topiramate—obesity	0.00684	0.0144	CbGbCtD
Fluticasone Propionate—SERPINA6—hindbrain—obesity	0.00225	0.0482	CbGeAlD
Fluticasone Propionate—NR3C2—hindbrain—obesity	0.00184	0.0394	CbGeAlD
Fluticasone Propionate—PGR—hindbrain—obesity	0.00171	0.0366	CbGeAlD
Fluticasone Propionate—PLA2G4A—respiratory system—obesity	0.00138	0.0296	CbGeAlD
Fluticasone Propionate—SERPINA6—respiratory system—obesity	0.00138	0.0294	CbGeAlD
Fluticasone Propionate—PLA2G4A—adrenal cortex—obesity	0.00116	0.0248	CbGeAlD
Fluticasone Propionate—PLA2G4A—cardiovascular system—obesity	0.00106	0.0226	CbGeAlD
Fluticasone Propionate—PGR—respiratory system—obesity	0.00104	0.0224	CbGeAlD
Fluticasone Propionate—NR3C1—hindbrain—obesity	0.000987	0.0211	CbGeAlD
Fluticasone Propionate—NR3C2—adrenal cortex—obesity	0.000943	0.0202	CbGeAlD
Fluticasone Propionate—PLA2G4A—pituitary gland—obesity	0.000937	0.0201	CbGeAlD
Fluticasone Propionate—PLA2G4A—adipose tissue—obesity	0.000933	0.02	CbGeAlD
Fluticasone Propionate—SERPINA6—pituitary gland—obesity	0.000933	0.02	CbGeAlD
Fluticasone Propionate—CYP3A7—endocrine gland—obesity	0.000906	0.0194	CbGeAlD
Fluticasone Propionate—NR3C2—cardiovascular system—obesity	0.00086	0.0184	CbGeAlD
Fluticasone Propionate—PLA2G4A—adrenal gland—obesity	0.000837	0.0179	CbGeAlD
Fluticasone Propionate—SERPINA6—adrenal gland—obesity	0.000834	0.0178	CbGeAlD
Fluticasone Propionate—CYP3A7—liver—obesity	0.000817	0.0175	CbGeAlD
Fluticasone Propionate—PGR—cardiovascular system—obesity	0.0008	0.0171	CbGeAlD
Fluticasone Propionate—NR3C2—pituitary gland—obesity	0.000762	0.0163	CbGeAlD
Fluticasone Propionate—NR3C2—adipose tissue—obesity	0.000759	0.0162	CbGeAlD
Fluticasone Propionate—PLA2G4A—endocrine gland—obesity	0.000726	0.0155	CbGeAlD
Fluticasone Propionate—SERPINA6—endocrine gland—obesity	0.000723	0.0155	CbGeAlD
Fluticasone Propionate—NR3C2—digestive system—obesity	0.000714	0.0153	CbGeAlD
Fluticasone Propionate—PGR—pituitary gland—obesity	0.000708	0.0152	CbGeAlD
Fluticasone Propionate—PGR—adipose tissue—obesity	0.000705	0.0151	CbGeAlD
Fluticasone Propionate—CYP3A7-CYP3A51P—liver—obesity	0.000695	0.0149	CbGeAlD
Fluticasone Propionate—NR3C2—adrenal gland—obesity	0.000681	0.0146	CbGeAlD
Fluticasone Propionate—SERPINA6—liver—obesity	0.000652	0.0139	CbGeAlD
Fluticasone Propionate—CYP3A5—islet of Langerhans—obesity	0.000643	0.0138	CbGeAlD
Fluticasone Propionate—NR3C1—islet of Langerhans—obesity	0.000638	0.0137	CbGeAlD
Fluticasone Propionate—PGR—adrenal gland—obesity	0.000633	0.0135	CbGeAlD
Fluticasone Propionate—CYP3A5—respiratory system—obesity	0.000607	0.013	CbGeAlD
Fluticasone Propionate—NR3C1—respiratory system—obesity	0.000603	0.0129	CbGeAlD
Fluticasone Propionate—NR3C2—endocrine gland—obesity	0.00059	0.0126	CbGeAlD
Fluticasone Propionate—PGR—endocrine gland—obesity	0.000549	0.0117	CbGeAlD
Fluticasone Propionate—NR3C2—liver—obesity	0.000532	0.0114	CbGeAlD
Fluticasone Propionate—NR3C1—adrenal cortex—obesity	0.000506	0.0108	CbGeAlD
Fluticasone Propionate—NR3C1—cardiovascular system—obesity	0.000462	0.00988	CbGeAlD
Fluticasone Propionate—CYP3A5—adipose tissue—obesity	0.00041	0.00878	CbGeAlD
Fluticasone Propionate—NR3C1—pituitary gland—obesity	0.000409	0.00875	CbGeAlD
Fluticasone Propionate—NR3C1—adipose tissue—obesity	0.000407	0.00871	CbGeAlD
Fluticasone Propionate—CYP3A5—digestive system—obesity	0.000386	0.00826	CbGeAlD
Fluticasone Propionate—NR3C1—digestive system—obesity	0.000383	0.0082	CbGeAlD
Fluticasone Propionate—NR3C1—adrenal gland—obesity	0.000365	0.00781	CbGeAlD
Fluticasone Propionate—CYP3A5—endocrine gland—obesity	0.000319	0.00683	CbGeAlD
Fluticasone Propionate—NR3C1—endocrine gland—obesity	0.000317	0.00678	CbGeAlD
Fluticasone Propionate—Cramp muscle—Bupropion—obesity	0.000314	0.00232	CcSEcCtD
Fluticasone Propionate—Hyperglycaemia—Sibutramine—obesity	0.000312	0.0023	CcSEcCtD
Fluticasone Propionate—Nasopharyngitis—Bupropion—obesity	0.000312	0.0023	CcSEcCtD
Fluticasone Propionate—Pneumonia—Sibutramine—obesity	0.00031	0.00229	CcSEcCtD
Fluticasone Propionate—Urticaria—Diethylpropion—obesity	0.000307	0.00227	CcSEcCtD
Fluticasone Propionate—Dizziness—Phenylpropanolamine—obesity	0.000307	0.00227	CcSEcCtD
Fluticasone Propionate—Diarrhoea—Phentermine—obesity	0.000304	0.00225	CcSEcCtD
Fluticasone Propionate—Abdominal distension—Bupropion—obesity	0.000303	0.00224	CcSEcCtD
Fluticasone Propionate—Feeling abnormal—Cimetidine—obesity	0.000303	0.00224	CcSEcCtD
Fluticasone Propionate—Asthma—Bupropion—obesity	0.000301	0.00223	CcSEcCtD
Fluticasone Propionate—Conjunctivitis—Sibutramine—obesity	0.0003	0.00221	CcSEcCtD
Fluticasone Propionate—Sinusitis—Orlistat—obesity	0.000299	0.00221	CcSEcCtD
Fluticasone Propionate—Influenza like illness—Topiramate—obesity	0.000297	0.0022	CcSEcCtD
Fluticasone Propionate—Bronchospasm—Bupropion—obesity	0.000296	0.00219	CcSEcCtD
Fluticasone Propionate—Vomiting—Phenylpropanolamine—obesity	0.000295	0.00218	CcSEcCtD
Fluticasone Propionate—Dizziness—Phentermine—obesity	0.000294	0.00217	CcSEcCtD
Fluticasone Propionate—Rash—Phenylpropanolamine—obesity	0.000293	0.00216	CcSEcCtD
Fluticasone Propionate—Dermatitis—Phenylpropanolamine—obesity	0.000293	0.00216	CcSEcCtD
Fluticasone Propionate—Candida infection—Topiramate—obesity	0.000292	0.00216	CcSEcCtD
Fluticasone Propionate—Body temperature increased—Cimetidine—obesity	0.000291	0.00215	CcSEcCtD
Fluticasone Propionate—Epistaxis—Sibutramine—obesity	0.000291	0.00215	CcSEcCtD
Fluticasone Propionate—CYP3A4—digestive system—obesity	0.00029	0.0062	CbGeAlD
Fluticasone Propionate—Bronchitis—Bupropion—obesity	0.00029	0.00214	CcSEcCtD
Fluticasone Propionate—Sinusitis—Sibutramine—obesity	0.000289	0.00214	CcSEcCtD
Fluticasone Propionate—Abdominal discomfort—Bupropion—obesity	0.000289	0.00213	CcSEcCtD
Fluticasone Propionate—CYP3A5—liver—obesity	0.000288	0.00616	CbGeAlD
Fluticasone Propionate—NR3C1—liver—obesity	0.000285	0.00611	CbGeAlD
Fluticasone Propionate—Pharyngitis—Orlistat—obesity	0.000284	0.0021	CcSEcCtD
Fluticasone Propionate—Vomiting—Phentermine—obesity	0.000283	0.00209	CcSEcCtD
Fluticasone Propionate—Rash—Phentermine—obesity	0.00028	0.00207	CcSEcCtD
Fluticasone Propionate—Upper respiratory tract infection—Bupropion—obesity	0.00028	0.00207	CcSEcCtD
Fluticasone Propionate—Dermatitis—Phentermine—obesity	0.00028	0.00207	CcSEcCtD
Fluticasone Propionate—Headache—Phentermine—obesity	0.000278	0.00206	CcSEcCtD
Fluticasone Propionate—Nausea—Phenylpropanolamine—obesity	0.000276	0.00204	CcSEcCtD
Fluticasone Propionate—Hypoaesthesia—Sibutramine—obesity	0.000275	0.00203	CcSEcCtD
Fluticasone Propionate—Pharyngitis—Sibutramine—obesity	0.000275	0.00203	CcSEcCtD
Fluticasone Propionate—Hyperglycaemia—Bupropion—obesity	0.000272	0.00201	CcSEcCtD
Fluticasone Propionate—Hypersensitivity—Cimetidine—obesity	0.000271	0.002	CcSEcCtD
Fluticasone Propionate—Pneumonia—Bupropion—obesity	0.00027	0.002	CcSEcCtD
Fluticasone Propionate—Infestation NOS—Bupropion—obesity	0.000269	0.00199	CcSEcCtD
Fluticasone Propionate—Infestation—Bupropion—obesity	0.000269	0.00199	CcSEcCtD
Fluticasone Propionate—Hyperkinesia—Topiramate—obesity	0.000267	0.00197	CcSEcCtD
Fluticasone Propionate—Diarrhoea—Diethylpropion—obesity	0.000264	0.00195	CcSEcCtD
Fluticasone Propionate—Nausea—Phentermine—obesity	0.000264	0.00195	CcSEcCtD
Fluticasone Propionate—Conjunctivitis—Bupropion—obesity	0.000261	0.00193	CcSEcCtD
Fluticasone Propionate—Eye disorder—Sibutramine—obesity	0.000259	0.00191	CcSEcCtD
Fluticasone Propionate—Immune system disorder—Orlistat—obesity	0.000258	0.00191	CcSEcCtD
Fluticasone Propionate—Mediastinal disorder—Orlistat—obesity	0.000258	0.0019	CcSEcCtD
Fluticasone Propionate—Sleep disorder—Topiramate—obesity	0.000257	0.0019	CcSEcCtD
Fluticasone Propionate—Dizziness—Diethylpropion—obesity	0.000256	0.00189	CcSEcCtD
Fluticasone Propionate—Diabetes mellitus—Topiramate—obesity	0.000255	0.00189	CcSEcCtD
Fluticasone Propionate—Epistaxis—Bupropion—obesity	0.000253	0.00187	CcSEcCtD
Fluticasone Propionate—Sinusitis—Bupropion—obesity	0.000252	0.00186	CcSEcCtD
Fluticasone Propionate—Diarrhoea—Cimetidine—obesity	0.000252	0.00186	CcSEcCtD
Fluticasone Propionate—Mental disorder—Orlistat—obesity	0.00025	0.00185	CcSEcCtD
Fluticasone Propionate—Immune system disorder—Sibutramine—obesity	0.00025	0.00185	CcSEcCtD
Fluticasone Propionate—Malnutrition—Orlistat—obesity	0.000249	0.00184	CcSEcCtD
Fluticasone Propionate—Difluprednate—NR3C1—obesity	0.000248	0.057	CrCbGaD
Fluticasone Propionate—Eczema—Topiramate—obesity	0.000247	0.00183	CcSEcCtD
Fluticasone Propionate—Arrhythmia—Sibutramine—obesity	0.000247	0.00183	CcSEcCtD
Fluticasone Propionate—Vomiting—Diethylpropion—obesity	0.000246	0.00182	CcSEcCtD
Fluticasone Propionate—Nasal congestion—Topiramate—obesity	0.000244	0.0018	CcSEcCtD
Fluticasone Propionate—Rash—Diethylpropion—obesity	0.000244	0.0018	CcSEcCtD
Fluticasone Propionate—Dermatitis—Diethylpropion—obesity	0.000244	0.0018	CcSEcCtD
Fluticasone Propionate—Dizziness—Cimetidine—obesity	0.000243	0.0018	CcSEcCtD
Fluticasone Propionate—Headache—Diethylpropion—obesity	0.000242	0.00179	CcSEcCtD
Fluticasone Propionate—Malnutrition—Sibutramine—obesity	0.000241	0.00178	CcSEcCtD
Fluticasone Propionate—Clocortolone—NR3C1—obesity	0.00024	0.0553	CrCbGaD
Fluticasone Propionate—Prednicarbate—NR3C1—obesity	0.00024	0.0553	CrCbGaD
Fluticasone Propionate—Hypoaesthesia—Bupropion—obesity	0.00024	0.00177	CcSEcCtD
Fluticasone Propionate—CYP3A4—endocrine gland—obesity	0.000239	0.00512	CbGeAlD
Fluticasone Propionate—Pharyngitis—Bupropion—obesity	0.000239	0.00177	CcSEcCtD
Fluticasone Propionate—Muscle spasms—Orlistat—obesity	0.000239	0.00177	CcSEcCtD
Fluticasone Propionate—Connective tissue disorder—Bupropion—obesity	0.000237	0.00175	CcSEcCtD
Fluticasone Propionate—Vision blurred—Orlistat—obesity	0.000234	0.00173	CcSEcCtD
Fluticasone Propionate—Vomiting—Cimetidine—obesity	0.000234	0.00173	CcSEcCtD
Fluticasone Propionate—Rash—Cimetidine—obesity	0.000232	0.00171	CcSEcCtD
Fluticasone Propionate—Dermatitis—Cimetidine—obesity	0.000232	0.00171	CcSEcCtD
Fluticasone Propionate—Muscle spasms—Sibutramine—obesity	0.000232	0.00171	CcSEcCtD
Fluticasone Propionate—Ill-defined disorder—Orlistat—obesity	0.000231	0.00171	CcSEcCtD
Fluticasone Propionate—Headache—Cimetidine—obesity	0.00023	0.0017	CcSEcCtD
Fluticasone Propionate—Nausea—Diethylpropion—obesity	0.00023	0.0017	CcSEcCtD
Fluticasone Propionate—Angioedema—Orlistat—obesity	0.000227	0.00168	CcSEcCtD
Fluticasone Propionate—Diflorasone—NR3C1—obesity	0.000227	0.0523	CrCbGaD
Fluticasone Propionate—Vision blurred—Sibutramine—obesity	0.000227	0.00168	CcSEcCtD
Fluticasone Propionate—Tremor—Sibutramine—obesity	0.000226	0.00167	CcSEcCtD
Fluticasone Propionate—Eye disorder—Bupropion—obesity	0.000225	0.00167	CcSEcCtD
Fluticasone Propionate—Malaise—Orlistat—obesity	0.000224	0.00166	CcSEcCtD
Fluticasone Propionate—Cardiac disorder—Bupropion—obesity	0.000224	0.00165	CcSEcCtD
Fluticasone Propionate—Ill-defined disorder—Sibutramine—obesity	0.000223	0.00165	CcSEcCtD
Fluticasone Propionate—Desoximetasone—NR3C1—obesity	0.000222	0.051	CrCbGaD
Fluticasone Propionate—Agitation—Sibutramine—obesity	0.000221	0.00164	CcSEcCtD
Fluticasone Propionate—Angioedema—Sibutramine—obesity	0.00022	0.00163	CcSEcCtD
Fluticasone Propionate—Palpitations—Orlistat—obesity	0.00022	0.00163	CcSEcCtD
Fluticasone Propionate—Nausea—Cimetidine—obesity	0.000218	0.00161	CcSEcCtD
Fluticasone Propionate—Immune system disorder—Bupropion—obesity	0.000218	0.00161	CcSEcCtD
Fluticasone Propionate—Mediastinal disorder—Bupropion—obesity	0.000217	0.00161	CcSEcCtD
Fluticasone Propionate—Malaise—Sibutramine—obesity	0.000217	0.0016	CcSEcCtD
Fluticasone Propionate—Cough—Orlistat—obesity	0.000217	0.0016	CcSEcCtD
Fluticasone Propionate—CYP3A4—liver—obesity	0.000216	0.00462	CbGeAlD
Fluticasone Propionate—Arrhythmia—Bupropion—obesity	0.000215	0.00159	CcSEcCtD
Fluticasone Propionate—Face oedema—Topiramate—obesity	0.000214	0.00158	CcSEcCtD
Fluticasone Propionate—Palpitations—Sibutramine—obesity	0.000213	0.00157	CcSEcCtD
Fluticasone Propionate—Irritability—Topiramate—obesity	0.000212	0.00157	CcSEcCtD
Fluticasone Propionate—Chest pain—Orlistat—obesity	0.000212	0.00157	CcSEcCtD
Fluticasone Propionate—Mental disorder—Bupropion—obesity	0.000211	0.00156	CcSEcCtD
Fluticasone Propionate—Anxiety—Orlistat—obesity	0.000211	0.00156	CcSEcCtD
Fluticasone Propionate—Unspecified disorder of skin and subcutaneous tissue—Orlistat—obesity	0.00021	0.00155	CcSEcCtD
Fluticasone Propionate—Cough—Sibutramine—obesity	0.00021	0.00155	CcSEcCtD
Fluticasone Propionate—Malnutrition—Bupropion—obesity	0.00021	0.00155	CcSEcCtD
Fluticasone Propionate—Discomfort—Orlistat—obesity	0.000209	0.00155	CcSEcCtD
Fluticasone Propionate—Hypertension—Sibutramine—obesity	0.000208	0.00154	CcSEcCtD
Fluticasone Propionate—Dry mouth—Orlistat—obesity	0.000207	0.00153	CcSEcCtD
Fluticasone Propionate—Chest pain—Sibutramine—obesity	0.000205	0.00152	CcSEcCtD
Fluticasone Propionate—Arthralgia—Sibutramine—obesity	0.000205	0.00152	CcSEcCtD
Fluticasone Propionate—Anxiety—Sibutramine—obesity	0.000204	0.00151	CcSEcCtD
Fluticasone Propionate—Anaphylactic shock—Orlistat—obesity	0.000203	0.0015	CcSEcCtD
Fluticasone Propionate—Oedema—Orlistat—obesity	0.000203	0.0015	CcSEcCtD
Fluticasone Propionate—Discomfort—Sibutramine—obesity	0.000203	0.0015	CcSEcCtD
Fluticasone Propionate—Muscle spasms—Bupropion—obesity	0.000202	0.00149	CcSEcCtD
Fluticasone Propionate—Infection—Orlistat—obesity	0.000202	0.00149	CcSEcCtD
Fluticasone Propionate—Dry mouth—Sibutramine—obesity	0.0002	0.00148	CcSEcCtD
Fluticasone Propionate—Nervous system disorder—Orlistat—obesity	0.000199	0.00147	CcSEcCtD
Fluticasone Propionate—Nasopharyngitis—Topiramate—obesity	0.000199	0.00147	CcSEcCtD
Fluticasone Propionate—Vision blurred—Bupropion—obesity	0.000198	0.00146	CcSEcCtD
Fluticasone Propionate—Skin disorder—Orlistat—obesity	0.000197	0.00146	CcSEcCtD
Fluticasone Propionate—Tremor—Bupropion—obesity	0.000197	0.00145	CcSEcCtD
Fluticasone Propionate—Anaphylactic shock—Sibutramine—obesity	0.000197	0.00145	CcSEcCtD
Fluticasone Propionate—Oedema—Sibutramine—obesity	0.000197	0.00145	CcSEcCtD
Fluticasone Propionate—Infection—Sibutramine—obesity	0.000195	0.00144	CcSEcCtD
Fluticasone Propionate—Ill-defined disorder—Bupropion—obesity	0.000195	0.00144	CcSEcCtD
Fluticasone Propionate—Abdominal distension—Topiramate—obesity	0.000193	0.00143	CcSEcCtD
Fluticasone Propionate—Agitation—Bupropion—obesity	0.000193	0.00143	CcSEcCtD
Fluticasone Propionate—Asthma—Topiramate—obesity	0.000192	0.00142	CcSEcCtD
Fluticasone Propionate—Angioedema—Bupropion—obesity	0.000192	0.00142	CcSEcCtD
Fluticasone Propionate—Tachycardia—Sibutramine—obesity	0.000192	0.00142	CcSEcCtD
Fluticasone Propionate—Skin disorder—Sibutramine—obesity	0.000191	0.00141	CcSEcCtD
Fluticasone Propionate—Flumethasone Pivalate—NR3C1—obesity	0.000191	0.0439	CrCbGaD
Fluticasone Propionate—Malaise—Bupropion—obesity	0.000189	0.0014	CcSEcCtD
Fluticasone Propionate—Halobetasol Propionate—NR3C1—obesity	0.000188	0.0432	CrCbGaD
Fluticasone Propionate—Palpitations—Bupropion—obesity	0.000186	0.00137	CcSEcCtD
Fluticasone Propionate—Musculoskeletal discomfort—Orlistat—obesity	0.000185	0.00137	CcSEcCtD
Fluticasone Propionate—Bronchitis—Topiramate—obesity	0.000185	0.00136	CcSEcCtD
Fluticasone Propionate—Abdominal discomfort—Topiramate—obesity	0.000184	0.00136	CcSEcCtD
Fluticasone Propionate—Cough—Bupropion—obesity	0.000183	0.00135	CcSEcCtD
Fluticasone Propionate—Hypertension—Bupropion—obesity	0.000181	0.00134	CcSEcCtD
Fluticasone Propionate—Musculoskeletal discomfort—Sibutramine—obesity	0.000179	0.00132	CcSEcCtD
Fluticasone Propionate—Arthralgia—Bupropion—obesity	0.000179	0.00132	CcSEcCtD
Fluticasone Propionate—Chest pain—Bupropion—obesity	0.000179	0.00132	CcSEcCtD
Fluticasone Propionate—Upper respiratory tract infection—Topiramate—obesity	0.000178	0.00132	CcSEcCtD
Fluticasone Propionate—Anxiety—Bupropion—obesity	0.000178	0.00132	CcSEcCtD
Fluticasone Propionate—Unspecified disorder of skin and subcutaneous tissue—Bupropion—obesity	0.000177	0.00131	CcSEcCtD
Fluticasone Propionate—Discomfort—Bupropion—obesity	0.000177	0.00131	CcSEcCtD
Fluticasone Propionate—Dyspnoea—Sibutramine—obesity	0.000175	0.00129	CcSEcCtD
Fluticasone Propionate—Dry mouth—Bupropion—obesity	0.000175	0.00129	CcSEcCtD
Fluticasone Propionate—Amcinonide—NR3C1—obesity	0.000174	0.0401	CrCbGaD
Fluticasone Propionate—Pain—Orlistat—obesity	0.000174	0.00128	CcSEcCtD
Fluticasone Propionate—Hyperglycaemia—Topiramate—obesity	0.000173	0.00128	CcSEcCtD
Fluticasone Propionate—Pneumonia—Topiramate—obesity	0.000172	0.00127	CcSEcCtD
Fluticasone Propionate—Oedema—Bupropion—obesity	0.000171	0.00127	CcSEcCtD
Fluticasone Propionate—Anaphylactic shock—Bupropion—obesity	0.000171	0.00127	CcSEcCtD
Fluticasone Propionate—Infestation NOS—Topiramate—obesity	0.000171	0.00126	CcSEcCtD
Fluticasone Propionate—Infestation—Topiramate—obesity	0.000171	0.00126	CcSEcCtD
Fluticasone Propionate—Fluticasone furoate—NR3C1—obesity	0.000171	0.0394	CrCbGaD
Fluticasone Propionate—Infection—Bupropion—obesity	0.00017	0.00126	CcSEcCtD
Fluticasone Propionate—Pain—Sibutramine—obesity	0.000168	0.00124	CcSEcCtD
Fluticasone Propionate—Nervous system disorder—Bupropion—obesity	0.000168	0.00124	CcSEcCtD
Fluticasone Propionate—Feeling abnormal—Orlistat—obesity	0.000167	0.00124	CcSEcCtD
Fluticasone Propionate—Tachycardia—Bupropion—obesity	0.000167	0.00124	CcSEcCtD
Fluticasone Propionate—Skin disorder—Bupropion—obesity	0.000166	0.00123	CcSEcCtD
Fluticasone Propionate—Conjunctivitis—Topiramate—obesity	0.000166	0.00123	CcSEcCtD
Fluticasone Propionate—Gastrointestinal pain—Orlistat—obesity	0.000166	0.00123	CcSEcCtD
Fluticasone Propionate—Mometasone—NR3C1—obesity	0.000166	0.0382	CrCbGaD
Fluticasone Propionate—Rimexolone—NR3C1—obesity	0.000164	0.0377	CrCbGaD
Fluticasone Propionate—Feeling abnormal—Sibutramine—obesity	0.000162	0.0012	CcSEcCtD
Fluticasone Propionate—Epistaxis—Topiramate—obesity	0.000161	0.00119	CcSEcCtD
Fluticasone Propionate—Urticaria—Orlistat—obesity	0.000161	0.00119	CcSEcCtD
Fluticasone Propionate—Gastrointestinal pain—Sibutramine—obesity	0.000161	0.00119	CcSEcCtD
Fluticasone Propionate—Sinusitis—Topiramate—obesity	0.000161	0.00119	CcSEcCtD
Fluticasone Propionate—Abdominal pain—Orlistat—obesity	0.000161	0.00119	CcSEcCtD
Fluticasone Propionate—Body temperature increased—Orlistat—obesity	0.000161	0.00119	CcSEcCtD
Fluticasone Propionate—Urticaria—Sibutramine—obesity	0.000156	0.00115	CcSEcCtD
Fluticasone Propionate—Musculoskeletal discomfort—Bupropion—obesity	0.000156	0.00115	CcSEcCtD
Fluticasone Propionate—Body temperature increased—Sibutramine—obesity	0.000155	0.00115	CcSEcCtD
Fluticasone Propionate—Abdominal pain—Sibutramine—obesity	0.000155	0.00115	CcSEcCtD
Fluticasone Propionate—Beclomethasone—NR3C1—obesity	0.000155	0.0356	CrCbGaD
Fluticasone Propionate—Fluocinonide—NR3C1—obesity	0.000155	0.0356	CrCbGaD
Fluticasone Propionate—Hypoaesthesia—Topiramate—obesity	0.000153	0.00113	CcSEcCtD
Fluticasone Propionate—Dyspnoea—Bupropion—obesity	0.000153	0.00113	CcSEcCtD
Fluticasone Propionate—Pharyngitis—Topiramate—obesity	0.000152	0.00113	CcSEcCtD
Fluticasone Propionate—Connective tissue disorder—Topiramate—obesity	0.000151	0.00112	CcSEcCtD
Fluticasone Propionate—Alclometasone—NR3C1—obesity	0.00015	0.0346	CrCbGaD
Fluticasone Propionate—Fluocinolone Acetonide—NR3C1—obesity	0.00015	0.0346	CrCbGaD
Fluticasone Propionate—Hypersensitivity—Orlistat—obesity	0.00015	0.00111	CcSEcCtD
Fluticasone Propionate—Pain—Bupropion—obesity	0.000147	0.00108	CcSEcCtD
Fluticasone Propionate—Flunisolide—NR3C1—obesity	0.000146	0.0337	CrCbGaD
Fluticasone Propionate—Clobetasol propionate—NR3C1—obesity	0.000146	0.0337	CrCbGaD
Fluticasone Propionate—Hypersensitivity—Sibutramine—obesity	0.000145	0.00107	CcSEcCtD
Fluticasone Propionate—Paramethasone—NR3C1—obesity	0.000145	0.0333	CrCbGaD
Fluticasone Propionate—Pruritus—Orlistat—obesity	0.000144	0.00106	CcSEcCtD
Fluticasone Propionate—Eye disorder—Topiramate—obesity	0.000144	0.00106	CcSEcCtD
Fluticasone Propionate—Cardiac disorder—Topiramate—obesity	0.000143	0.00105	CcSEcCtD
Fluticasone Propionate—Triamcinolone—BCHE—obesity	0.000142	0.0326	CrCbGaD
Fluticasone Propionate—Feeling abnormal—Bupropion—obesity	0.000141	0.00104	CcSEcCtD
Fluticasone Propionate—Fluorometholone—NR3C1—obesity	0.000141	0.0325	CrCbGaD
Fluticasone Propionate—Gastrointestinal pain—Bupropion—obesity	0.00014	0.00104	CcSEcCtD
Fluticasone Propionate—Pruritus—Sibutramine—obesity	0.000139	0.00103	CcSEcCtD
Fluticasone Propionate—Diarrhoea—Orlistat—obesity	0.000139	0.00103	CcSEcCtD
Fluticasone Propionate—Immune system disorder—Topiramate—obesity	0.000139	0.00103	CcSEcCtD
Fluticasone Propionate—Mediastinal disorder—Topiramate—obesity	0.000138	0.00102	CcSEcCtD
Fluticasone Propionate—Methylprednisolone—NR3C1—obesity	0.000136	0.0314	CrCbGaD
Fluticasone Propionate—Urticaria—Bupropion—obesity	0.000136	0.00101	CcSEcCtD
Fluticasone Propionate—Abdominal pain—Bupropion—obesity	0.000135	0.001	CcSEcCtD
Fluticasone Propionate—Body temperature increased—Bupropion—obesity	0.000135	0.001	CcSEcCtD
Fluticasone Propionate—Mental disorder—Topiramate—obesity	0.000135	0.000995	CcSEcCtD
Fluticasone Propionate—Diarrhoea—Sibutramine—obesity	0.000134	0.000994	CcSEcCtD
Fluticasone Propionate—Dizziness—Orlistat—obesity	0.000134	0.000992	CcSEcCtD
Fluticasone Propionate—Malnutrition—Topiramate—obesity	0.000134	0.000988	CcSEcCtD
Fluticasone Propionate—Erythema—Topiramate—obesity	0.000134	0.000988	CcSEcCtD
Fluticasone Propionate—Dizziness—Sibutramine—obesity	0.00013	0.00096	CcSEcCtD
Fluticasone Propionate—Vomiting—Orlistat—obesity	0.000129	0.000954	CcSEcCtD
Fluticasone Propionate—Muscle spasms—Topiramate—obesity	0.000129	0.00095	CcSEcCtD
Fluticasone Propionate—Rash—Orlistat—obesity	0.000128	0.000946	CcSEcCtD
Fluticasone Propionate—Dermatitis—Orlistat—obesity	0.000128	0.000945	CcSEcCtD
Fluticasone Propionate—Headache—Orlistat—obesity	0.000127	0.00094	CcSEcCtD
Fluticasone Propionate—Hypersensitivity—Bupropion—obesity	0.000126	0.000933	CcSEcCtD
Fluticasone Propionate—Vision blurred—Topiramate—obesity	0.000126	0.000932	CcSEcCtD
Fluticasone Propionate—Tremor—Topiramate—obesity	0.000125	0.000926	CcSEcCtD
Fluticasone Propionate—Vomiting—Sibutramine—obesity	0.000125	0.000924	CcSEcCtD
Fluticasone Propionate—Ill-defined disorder—Topiramate—obesity	0.000124	0.000917	CcSEcCtD
Fluticasone Propionate—Rash—Sibutramine—obesity	0.000124	0.000916	CcSEcCtD
Fluticasone Propionate—Dermatitis—Sibutramine—obesity	0.000124	0.000915	CcSEcCtD
Fluticasone Propionate—Headache—Sibutramine—obesity	0.000123	0.00091	CcSEcCtD
Fluticasone Propionate—Agitation—Topiramate—obesity	0.000123	0.000908	CcSEcCtD
Fluticasone Propionate—Pruritus—Bupropion—obesity	0.000121	0.000896	CcSEcCtD
Fluticasone Propionate—Nausea—Orlistat—obesity	0.000121	0.000891	CcSEcCtD
Fluticasone Propionate—Malaise—Topiramate—obesity	0.000121	0.000891	CcSEcCtD
Fluticasone Propionate—Palpitations—Topiramate—obesity	0.000118	0.000874	CcSEcCtD
Fluticasone Propionate—Diarrhoea—Bupropion—obesity	0.000117	0.000866	CcSEcCtD
Fluticasone Propionate—Nausea—Sibutramine—obesity	0.000117	0.000863	CcSEcCtD
Fluticasone Propionate—Cough—Topiramate—obesity	0.000117	0.000863	CcSEcCtD
Fluticasone Propionate—Betamethasone—CYP19A1—obesity	0.000116	0.0268	CrCbGaD
Fluticasone Propionate—Hypertension—Topiramate—obesity	0.000115	0.000853	CcSEcCtD
Fluticasone Propionate—Triamcinolone—NR3C1—obesity	0.000115	0.0265	CrCbGaD
Fluticasone Propionate—Chest pain—Topiramate—obesity	0.000114	0.000842	CcSEcCtD
Fluticasone Propionate—Arthralgia—Topiramate—obesity	0.000114	0.000842	CcSEcCtD
Fluticasone Propionate—Anxiety—Topiramate—obesity	0.000113	0.000839	CcSEcCtD
Fluticasone Propionate—Dizziness—Bupropion—obesity	0.000113	0.000837	CcSEcCtD
Fluticasone Propionate—Unspecified disorder of skin and subcutaneous tissue—Topiramate—obesity	0.000113	0.000836	CcSEcCtD
Fluticasone Propionate—Discomfort—Topiramate—obesity	0.000112	0.000831	CcSEcCtD
Fluticasone Propionate—Dry mouth—Topiramate—obesity	0.000111	0.000823	CcSEcCtD
Fluticasone Propionate—Oedema—Topiramate—obesity	0.000109	0.000807	CcSEcCtD
Fluticasone Propionate—Vomiting—Bupropion—obesity	0.000109	0.000805	CcSEcCtD
Fluticasone Propionate—Infection—Topiramate—obesity	0.000108	0.000801	CcSEcCtD
Fluticasone Propionate—Rash—Bupropion—obesity	0.000108	0.000798	CcSEcCtD
Fluticasone Propionate—Dermatitis—Bupropion—obesity	0.000108	0.000798	CcSEcCtD
Fluticasone Propionate—Headache—Bupropion—obesity	0.000107	0.000793	CcSEcCtD
Fluticasone Propionate—Nervous system disorder—Topiramate—obesity	0.000107	0.000791	CcSEcCtD
Fluticasone Propionate—Tachycardia—Topiramate—obesity	0.000107	0.000787	CcSEcCtD
Fluticasone Propionate—Skin disorder—Topiramate—obesity	0.000106	0.000784	CcSEcCtD
Fluticasone Propionate—Nausea—Bupropion—obesity	0.000102	0.000752	CcSEcCtD
Fluticasone Propionate—Musculoskeletal discomfort—Topiramate—obesity	9.94e-05	0.000735	CcSEcCtD
Fluticasone Propionate—Dyspnoea—Topiramate—obesity	9.73e-05	0.000719	CcSEcCtD
Fluticasone Propionate—Betamethasone—NR3C1—obesity	9.42e-05	0.0217	CrCbGaD
Fluticasone Propionate—Pain—Topiramate—obesity	9.33e-05	0.00069	CcSEcCtD
Fluticasone Propionate—Feeling abnormal—Topiramate—obesity	8.99e-05	0.000665	CcSEcCtD
Fluticasone Propionate—Gastrointestinal pain—Topiramate—obesity	8.93e-05	0.00066	CcSEcCtD
Fluticasone Propionate—Urticaria—Topiramate—obesity	8.67e-05	0.000641	CcSEcCtD
Fluticasone Propionate—Abdominal pain—Topiramate—obesity	8.63e-05	0.000638	CcSEcCtD
Fluticasone Propionate—Body temperature increased—Topiramate—obesity	8.63e-05	0.000638	CcSEcCtD
Fluticasone Propionate—Hypersensitivity—Topiramate—obesity	8.04e-05	0.000594	CcSEcCtD
Fluticasone Propionate—Pruritus—Topiramate—obesity	7.72e-05	0.000571	CcSEcCtD
Fluticasone Propionate—Diarrhoea—Topiramate—obesity	7.47e-05	0.000552	CcSEcCtD
Fluticasone Propionate—Dizziness—Topiramate—obesity	7.22e-05	0.000533	CcSEcCtD
Fluticasone Propionate—Vomiting—Topiramate—obesity	6.94e-05	0.000513	CcSEcCtD
Fluticasone Propionate—Rash—Topiramate—obesity	6.88e-05	0.000509	CcSEcCtD
Fluticasone Propionate—Dermatitis—Topiramate—obesity	6.88e-05	0.000508	CcSEcCtD
Fluticasone Propionate—Headache—Topiramate—obesity	6.84e-05	0.000505	CcSEcCtD
Fluticasone Propionate—Dexamethasone—CYP19A1—obesity	6.76e-05	0.0156	CrCbGaD
Fluticasone Propionate—Triamcinolone—PTGS2—obesity	6.53e-05	0.015	CrCbGaD
Fluticasone Propionate—Nausea—Topiramate—obesity	6.48e-05	0.000479	CcSEcCtD
Fluticasone Propionate—Dexamethasone—NR3C1—obesity	5.48e-05	0.0126	CrCbGaD
Fluticasone Propionate—Betamethasone—PTGS2—obesity	5.35e-05	0.0123	CrCbGaD
Fluticasone Propionate—Dexamethasone—CYP2E1—obesity	5.04e-05	0.0116	CrCbGaD
Fluticasone Propionate—Dexamethasone—PTGS2—obesity	3.11e-05	0.00716	CrCbGaD
Fluticasone Propionate—CYP3A4—Metabolism—ACLY—obesity	7.6e-06	8.11e-05	CbGpPWpGaD
Fluticasone Propionate—CYP3A5—Metabolism—AKR1C3—obesity	7.59e-06	8.1e-05	CbGpPWpGaD
Fluticasone Propionate—PGR—Signaling Pathways—PIK3CG—obesity	7.58e-06	8.09e-05	CbGpPWpGaD
Fluticasone Propionate—PLA2G4A—Signaling Pathways—PRKCD—obesity	7.54e-06	8.05e-05	CbGpPWpGaD
Fluticasone Propionate—CYP3A7—Metabolism—PPARGC1A—obesity	7.49e-06	8e-05	CbGpPWpGaD
Fluticasone Propionate—CYP3A7—Metabolism—GNB3—obesity	7.49e-06	8e-05	CbGpPWpGaD
Fluticasone Propionate—PGR—Signaling Pathways—IRS1—obesity	7.49e-06	8e-05	CbGpPWpGaD
Fluticasone Propionate—CYP3A5—Metabolism—SCARB1—obesity	7.47e-06	7.97e-05	CbGpPWpGaD
Fluticasone Propionate—CYP3A7—Metabolism—HMOX1—obesity	7.46e-06	7.96e-05	CbGpPWpGaD
Fluticasone Propionate—PLA2G4A—Metabolism—PIK3CG—obesity	7.41e-06	7.91e-05	CbGpPWpGaD
Fluticasone Propionate—PLA2G4A—Signaling Pathways—HTR2A—obesity	7.38e-06	7.88e-05	CbGpPWpGaD
Fluticasone Propionate—PLA2G4A—Signaling Pathways—C3—obesity	7.37e-06	7.87e-05	CbGpPWpGaD
Fluticasone Propionate—CYP3A4—Metabolism—ALOX12—obesity	7.34e-06	7.83e-05	CbGpPWpGaD
Fluticasone Propionate—CYP3A4—Metabolism—ENPP1—obesity	7.34e-06	7.83e-05	CbGpPWpGaD
Fluticasone Propionate—NR3C2—Gene Expression—AKT1—obesity	7.31e-06	7.8e-05	CbGpPWpGaD
Fluticasone Propionate—CYP3A7—Metabolism—GNAS—obesity	7.3e-06	7.79e-05	CbGpPWpGaD
Fluticasone Propionate—CYP3A5—Metabolism—SREBF1—obesity	7.25e-06	7.74e-05	CbGpPWpGaD
Fluticasone Propionate—PGR—Signaling Pathways—POMC—obesity	7.22e-06	7.7e-05	CbGpPWpGaD
Fluticasone Propionate—PGR—Signaling Pathways—INS—obesity	7.18e-06	7.66e-05	CbGpPWpGaD
Fluticasone Propionate—PLA2G4A—Metabolism—PPARG—obesity	7.15e-06	7.63e-05	CbGpPWpGaD
Fluticasone Propionate—CYP3A7—Metabolism—APOB—obesity	7.15e-06	7.63e-05	CbGpPWpGaD
Fluticasone Propionate—NR3C1—Gene Expression—ESR1—obesity	7.13e-06	7.61e-05	CbGpPWpGaD
Fluticasone Propionate—CYP3A4—Metabolism—HMGCS1—obesity	7.11e-06	7.59e-05	CbGpPWpGaD
Fluticasone Propionate—PGR—Signaling Pathways—CCL2—obesity	7.06e-06	7.54e-05	CbGpPWpGaD
Fluticasone Propionate—CYP3A5—Metabolism—GOT2—obesity	7.05e-06	7.53e-05	CbGpPWpGaD
Fluticasone Propionate—PLA2G4A—Metabolism—POMC—obesity	7.05e-06	7.52e-05	CbGpPWpGaD
Fluticasone Propionate—PLA2G4A—Signaling Pathways—IRS2—obesity	7.01e-06	7.48e-05	CbGpPWpGaD
Fluticasone Propionate—PLA2G4A—Metabolism—INS—obesity	7.01e-06	7.48e-05	CbGpPWpGaD
Fluticasone Propionate—PLA2G4A—Signaling Pathways—AGT—obesity	7e-06	7.48e-05	CbGpPWpGaD
Fluticasone Propionate—PLA2G4A—Hemostasis—AKT1—obesity	6.97e-06	7.44e-05	CbGpPWpGaD
Fluticasone Propionate—PGR—Signaling Pathways—IGF1—obesity	6.94e-06	7.41e-05	CbGpPWpGaD
Fluticasone Propionate—PGR—Signaling Pathways—AKT2—obesity	6.94e-06	7.4e-05	CbGpPWpGaD
Fluticasone Propionate—CYP3A4—Metabolism—ACADM—obesity	6.9e-06	7.37e-05	CbGpPWpGaD
Fluticasone Propionate—CYP3A4—Metabolism—ANGPTL4—obesity	6.9e-06	7.37e-05	CbGpPWpGaD
Fluticasone Propionate—CYP3A4—Metabolism—SAT1—obesity	6.9e-06	7.37e-05	CbGpPWpGaD
Fluticasone Propionate—CYP3A4—Metabolism—PFKFB3—obesity	6.9e-06	7.37e-05	CbGpPWpGaD
Fluticasone Propionate—CYP3A4—Metabolism—PNPLA2—obesity	6.9e-06	7.37e-05	CbGpPWpGaD
Fluticasone Propionate—CYP3A4—Metabolism—PLIN1—obesity	6.9e-06	7.37e-05	CbGpPWpGaD
Fluticasone Propionate—CYP3A5—Metabolism—FASN—obesity	6.9e-06	7.37e-05	CbGpPWpGaD
Fluticasone Propionate—CYP3A5—Metabolism—BCHE—obesity	6.87e-06	7.33e-05	CbGpPWpGaD
Fluticasone Propionate—PLA2G4A—Signaling Pathways—LEP—obesity	6.86e-06	7.32e-05	CbGpPWpGaD
Fluticasone Propionate—PLA2G4A—Signaling Pathways—APOE—obesity	6.86e-06	7.32e-05	CbGpPWpGaD
Fluticasone Propionate—CYP3A7—Metabolism—LPL—obesity	6.82e-06	7.28e-05	CbGpPWpGaD
Fluticasone Propionate—PLA2G4A—Signaling Pathways—CAV1—obesity	6.8e-06	7.26e-05	CbGpPWpGaD
Fluticasone Propionate—PLA2G4A—Signaling Pathways—APOA1—obesity	6.78e-06	7.24e-05	CbGpPWpGaD
Fluticasone Propionate—CYP3A4—Metabolism—ACACB—obesity	6.71e-06	7.17e-05	CbGpPWpGaD
Fluticasone Propionate—CYP3A4—Metabolism—OXCT1—obesity	6.71e-06	7.17e-05	CbGpPWpGaD
Fluticasone Propionate—CYP3A4—Metabolism—CYTB—obesity	6.71e-06	7.17e-05	CbGpPWpGaD
Fluticasone Propionate—PGR—Signaling Pathways—PIK3CD—obesity	6.66e-06	7.11e-05	CbGpPWpGaD
Fluticasone Propionate—CYP3A7—Metabolism—GPX1—obesity	6.66e-06	7.1e-05	CbGpPWpGaD
Fluticasone Propionate—CYP3A5—Metabolism—CYP2E1—obesity	6.63e-06	7.08e-05	CbGpPWpGaD
Fluticasone Propionate—PGR—Signaling Pathways—SERPINE1—obesity	6.59e-06	7.04e-05	CbGpPWpGaD
Fluticasone Propionate—CYP3A5—Metabolism—NQO1—obesity	6.56e-06	7e-05	CbGpPWpGaD
Fluticasone Propionate—PLA2G4A—Signaling Pathways—ESR1—obesity	6.55e-06	6.99e-05	CbGpPWpGaD
Fluticasone Propionate—CYP3A4—Metabolism—PNLIP—obesity	6.54e-06	6.98e-05	CbGpPWpGaD
Fluticasone Propionate—CYP3A4—Metabolism—SRD5A1—obesity	6.54e-06	6.98e-05	CbGpPWpGaD
Fluticasone Propionate—PLA2G4A—Metabolism—PIK3CD—obesity	6.51e-06	6.95e-05	CbGpPWpGaD
Fluticasone Propionate—NR3C1—Gene Expression—PPARG—obesity	6.5e-06	6.94e-05	CbGpPWpGaD
Fluticasone Propionate—CYP3A7—Metabolism—CD36—obesity	6.48e-06	6.92e-05	CbGpPWpGaD
Fluticasone Propionate—PLA2G4A—Signaling Pathways—PRKCB—obesity	6.47e-06	6.91e-05	CbGpPWpGaD
Fluticasone Propionate—PLA2G4A—Signaling Pathways—F2—obesity	6.47e-06	6.91e-05	CbGpPWpGaD
Fluticasone Propionate—PLA2G4A—Metabolism—ALB—obesity	6.43e-06	6.86e-05	CbGpPWpGaD
Fluticasone Propionate—PGR—Gene Expression—MYC—obesity	6.42e-06	6.85e-05	CbGpPWpGaD
Fluticasone Propionate—PGR—Signaling Pathways—TYK2—obesity	6.41e-06	6.84e-05	CbGpPWpGaD
Fluticasone Propionate—PLA2G4A—Signaling Pathways—BAD—obesity	6.39e-06	6.83e-05	CbGpPWpGaD
Fluticasone Propionate—CYP3A4—Metabolism—SDC3—obesity	6.39e-06	6.82e-05	CbGpPWpGaD
Fluticasone Propionate—PGR—Signaling Pathways—RHOA—obesity	6.36e-06	6.79e-05	CbGpPWpGaD
Fluticasone Propionate—PGR—Signaling Pathways—PIK3R1—obesity	6.29e-06	6.72e-05	CbGpPWpGaD
Fluticasone Propionate—PGR—Signaling Pathways—NOS3—obesity	6.29e-06	6.72e-05	CbGpPWpGaD
Fluticasone Propionate—CYP3A5—Metabolism—GCG—obesity	6.29e-06	6.71e-05	CbGpPWpGaD
Fluticasone Propionate—CYP3A5—Metabolism—SLC2A4—obesity	6.29e-06	6.71e-05	CbGpPWpGaD
Fluticasone Propionate—CYP3A4—Metabolism—CYP26B1—obesity	6.24e-06	6.66e-05	CbGpPWpGaD
Fluticasone Propionate—CYP3A4—Metabolism—STS—obesity	6.24e-06	6.66e-05	CbGpPWpGaD
Fluticasone Propionate—CYP3A4—Metabolism—HK2—obesity	6.24e-06	6.66e-05	CbGpPWpGaD
Fluticasone Propionate—CYP3A5—Metabolism—CYCS—obesity	6.2e-06	6.62e-05	CbGpPWpGaD
Fluticasone Propionate—PLA2G4A—Signaling Pathways—PIK3CG—obesity	6.19e-06	6.61e-05	CbGpPWpGaD
Fluticasone Propionate—PLA2G4A—Metabolism—PIK3R1—obesity	6.15e-06	6.56e-05	CbGpPWpGaD
Fluticasone Propionate—PLA2G4A—Metabolism—NOS3—obesity	6.15e-06	6.56e-05	CbGpPWpGaD
Fluticasone Propionate—CYP3A7—Metabolism—MTHFR—obesity	6.14e-06	6.56e-05	CbGpPWpGaD
Fluticasone Propionate—PLA2G4A—Signaling Pathways—IRS1—obesity	6.12e-06	6.53e-05	CbGpPWpGaD
Fluticasone Propionate—CYP3A4—Metabolism—PPARD—obesity	6.11e-06	6.52e-05	CbGpPWpGaD
Fluticasone Propionate—CYP3A5—Metabolism—GGT1—obesity	6.09e-06	6.5e-05	CbGpPWpGaD
Fluticasone Propionate—CYP3A5—Metabolism—GOT1—obesity	6.09e-06	6.5e-05	CbGpPWpGaD
Fluticasone Propionate—CYP3A7—Metabolism—PPARA—obesity	6.03e-06	6.43e-05	CbGpPWpGaD
Fluticasone Propionate—CYP3A5—Metabolism—NCOA1—obesity	6e-06	6.4e-05	CbGpPWpGaD
Fluticasone Propionate—CYP3A4—Metabolism—SLC27A1—obesity	5.98e-06	6.39e-05	CbGpPWpGaD
Fluticasone Propionate—CYP3A5—Metabolism—CYP19A1—obesity	5.91e-06	6.31e-05	CbGpPWpGaD
Fluticasone Propionate—CYP3A5—Metabolism—STK11—obesity	5.91e-06	6.31e-05	CbGpPWpGaD
Fluticasone Propionate—PLA2G4A—Signaling Pathways—POMC—obesity	5.89e-06	6.29e-05	CbGpPWpGaD
Fluticasone Propionate—CYP3A4—Metabolism—GLUL—obesity	5.87e-06	6.26e-05	CbGpPWpGaD
Fluticasone Propionate—CYP3A4—Metabolism—FABP4—obesity	5.87e-06	6.26e-05	CbGpPWpGaD
Fluticasone Propionate—PLA2G4A—Signaling Pathways—INS—obesity	5.86e-06	6.26e-05	CbGpPWpGaD
Fluticasone Propionate—NR3C1—Gene Expression—SERPINE1—obesity	5.86e-06	6.25e-05	CbGpPWpGaD
Fluticasone Propionate—CYP3A7—Metabolism—AGT—obesity	5.84e-06	6.23e-05	CbGpPWpGaD
Fluticasone Propionate—PGR—Signaling Pathways—MTOR—obesity	5.81e-06	6.2e-05	CbGpPWpGaD
Fluticasone Propionate—PGR—Signaling Pathways—PIK3CB—obesity	5.81e-06	6.2e-05	CbGpPWpGaD
Fluticasone Propionate—PLA2G4A—Signaling Pathways—CCL2—obesity	5.77e-06	6.16e-05	CbGpPWpGaD
Fluticasone Propionate—CYP3A7—Metabolism—APOE—obesity	5.72e-06	6.1e-05	CbGpPWpGaD
Fluticasone Propionate—PLA2G4A—Metabolism—PIK3CB—obesity	5.68e-06	6.06e-05	CbGpPWpGaD
Fluticasone Propionate—PLA2G4A—Signaling Pathways—IGF1—obesity	5.67e-06	6.05e-05	CbGpPWpGaD
Fluticasone Propionate—CYP3A7—Metabolism—CAV1—obesity	5.67e-06	6.05e-05	CbGpPWpGaD
Fluticasone Propionate—PLA2G4A—Signaling Pathways—AKT2—obesity	5.67e-06	6.05e-05	CbGpPWpGaD
Fluticasone Propionate—CYP3A7—Metabolism—APOA1—obesity	5.65e-06	6.03e-05	CbGpPWpGaD
Fluticasone Propionate—PLA2G4A—Metabolism—PTGS2—obesity	5.62e-06	6e-05	CbGpPWpGaD
Fluticasone Propionate—CYP3A4—Metabolism—ECHS1—obesity	5.56e-06	5.94e-05	CbGpPWpGaD
Fluticasone Propionate—CYP3A4—Metabolism—UCP2—obesity	5.56e-06	5.94e-05	CbGpPWpGaD
Fluticasone Propionate—CYP3A4—Metabolism—HSD11B1—obesity	5.56e-06	5.94e-05	CbGpPWpGaD
Fluticasone Propionate—CYP3A4—Metabolism—UCP3—obesity	5.56e-06	5.94e-05	CbGpPWpGaD
Fluticasone Propionate—CYP3A5—Metabolism—COMT—obesity	5.49e-06	5.86e-05	CbGpPWpGaD
Fluticasone Propionate—CYP3A4—Metabolism—ADH1B—obesity	5.47e-06	5.84e-05	CbGpPWpGaD
Fluticasone Propionate—PLA2G4A—Signaling Pathways—PIK3CD—obesity	5.44e-06	5.81e-05	CbGpPWpGaD
Fluticasone Propionate—CYP3A5—Metabolism—GNB3—obesity	5.42e-06	5.78e-05	CbGpPWpGaD
Fluticasone Propionate—CYP3A5—Metabolism—PPARGC1A—obesity	5.42e-06	5.78e-05	CbGpPWpGaD
Fluticasone Propionate—CYP3A5—Metabolism—HMOX1—obesity	5.39e-06	5.76e-05	CbGpPWpGaD
Fluticasone Propionate—CYP3A4—Metabolism—ACSL1—obesity	5.39e-06	5.75e-05	CbGpPWpGaD
Fluticasone Propionate—CYP3A4—Metabolism—GPAM—obesity	5.39e-06	5.75e-05	CbGpPWpGaD
Fluticasone Propionate—CYP3A4—Metabolism—PPARGC1B—obesity	5.39e-06	5.75e-05	CbGpPWpGaD
Fluticasone Propionate—PLA2G4A—Signaling Pathways—SERPINE1—obesity	5.38e-06	5.75e-05	CbGpPWpGaD
Fluticasone Propionate—CYP3A5—Metabolism—GNAS—obesity	5.27e-06	5.63e-05	CbGpPWpGaD
Fluticasone Propionate—PLA2G4A—Signaling Pathways—TYK2—obesity	5.24e-06	5.59e-05	CbGpPWpGaD
Fluticasone Propionate—CYP3A4—Metabolism—PCK1—obesity	5.23e-06	5.58e-05	CbGpPWpGaD
Fluticasone Propionate—CYP3A4—Metabolism—HADH—obesity	5.23e-06	5.58e-05	CbGpPWpGaD
Fluticasone Propionate—CYP3A4—Metabolism—FADS1—obesity	5.23e-06	5.58e-05	CbGpPWpGaD
Fluticasone Propionate—PLA2G4A—Signaling Pathways—RHOA—obesity	5.19e-06	5.54e-05	CbGpPWpGaD
Fluticasone Propionate—CYP3A5—Metabolism—APOB—obesity	5.17e-06	5.51e-05	CbGpPWpGaD
Fluticasone Propionate—CYP3A7—Metabolism—PIK3CG—obesity	5.16e-06	5.51e-05	CbGpPWpGaD
Fluticasone Propionate—PLA2G4A—Signaling Pathways—PIK3R1—obesity	5.14e-06	5.49e-05	CbGpPWpGaD
Fluticasone Propionate—PLA2G4A—Signaling Pathways—NOS3—obesity	5.14e-06	5.49e-05	CbGpPWpGaD
Fluticasone Propionate—CYP3A4—Metabolism—ACP5—obesity	5.09e-06	5.43e-05	CbGpPWpGaD
Fluticasone Propionate—PGR—Signaling Pathways—MMP9—obesity	5.05e-06	5.39e-05	CbGpPWpGaD
Fluticasone Propionate—CYP3A7—Metabolism—PPARG—obesity	4.98e-06	5.32e-05	CbGpPWpGaD
Fluticasone Propionate—CYP3A4—Metabolism—G6PD—obesity	4.96e-06	5.29e-05	CbGpPWpGaD
Fluticasone Propionate—CYP3A5—Metabolism—LPL—obesity	4.93e-06	5.26e-05	CbGpPWpGaD
Fluticasone Propionate—CYP3A7—Metabolism—POMC—obesity	4.91e-06	5.24e-05	CbGpPWpGaD
Fluticasone Propionate—PGR—Signaling Pathways—MAPK8—obesity	4.91e-06	5.24e-05	CbGpPWpGaD
Fluticasone Propionate—CYP3A4—Metabolism—SREBF2—obesity	4.9e-06	5.23e-05	CbGpPWpGaD
Fluticasone Propionate—CYP3A4—Metabolism—HK1—obesity	4.9e-06	5.23e-05	CbGpPWpGaD
Fluticasone Propionate—PLA2G4A—Signaling by GPCR—PIK3CA—obesity	4.9e-06	5.23e-05	CbGpPWpGaD
Fluticasone Propionate—CYP3A7—Metabolism—INS—obesity	4.89e-06	5.21e-05	CbGpPWpGaD
Fluticasone Propionate—CYP3A5—Metabolism—GPX1—obesity	4.81e-06	5.14e-05	CbGpPWpGaD
Fluticasone Propionate—PLA2G4A—Signaling Pathways—MTOR—obesity	4.75e-06	5.07e-05	CbGpPWpGaD
Fluticasone Propionate—PLA2G4A—Signaling Pathways—PIK3CB—obesity	4.75e-06	5.07e-05	CbGpPWpGaD
Fluticasone Propionate—CYP3A4—Metabolism—LPA—obesity	4.73e-06	5.05e-05	CbGpPWpGaD
Fluticasone Propionate—CYP3A5—Metabolism—CD36—obesity	4.69e-06	5e-05	CbGpPWpGaD
Fluticasone Propionate—CYP3A4—Metabolism—LPIN1—obesity	4.63e-06	4.94e-05	CbGpPWpGaD
Fluticasone Propionate—CYP3A7—Metabolism—PIK3CD—obesity	4.54e-06	4.84e-05	CbGpPWpGaD
Fluticasone Propionate—CYP3A4—Metabolism—APOA5—obesity	4.53e-06	4.84e-05	CbGpPWpGaD
Fluticasone Propionate—PGR—Signaling Pathways—STAT3—obesity	4.49e-06	4.79e-05	CbGpPWpGaD
Fluticasone Propionate—CYP3A7—Metabolism—ALB—obesity	4.48e-06	4.78e-05	CbGpPWpGaD
Fluticasone Propionate—PGR—Gene Expression—AKT1—obesity	4.45e-06	4.75e-05	CbGpPWpGaD
Fluticasone Propionate—CYP3A5—Metabolism—MTHFR—obesity	4.44e-06	4.74e-05	CbGpPWpGaD
Fluticasone Propionate—CYP3A5—Metabolism—PPARA—obesity	4.36e-06	4.65e-05	CbGpPWpGaD
Fluticasone Propionate—PLA2G4A—Signaling by GPCR—IL6—obesity	4.34e-06	4.63e-05	CbGpPWpGaD
Fluticasone Propionate—CYP3A4—Metabolism—SLC22A1—obesity	4.33e-06	4.62e-05	CbGpPWpGaD
Fluticasone Propionate—CYP3A4—Metabolism—CLOCK—obesity	4.33e-06	4.62e-05	CbGpPWpGaD
Fluticasone Propionate—CYP3A7—Metabolism—PIK3R1—obesity	4.28e-06	4.57e-05	CbGpPWpGaD
Fluticasone Propionate—CYP3A7—Metabolism—NOS3—obesity	4.28e-06	4.57e-05	CbGpPWpGaD
Fluticasone Propionate—CYP3A5—Metabolism—AGT—obesity	4.22e-06	4.5e-05	CbGpPWpGaD
Fluticasone Propionate—CYP3A4—Metabolism—SULT2A1—obesity	4.22e-06	4.5e-05	CbGpPWpGaD
Fluticasone Propionate—CYP3A4—Metabolism—GLP1R—obesity	4.22e-06	4.5e-05	CbGpPWpGaD
Fluticasone Propionate—PGR—Signaling Pathways—MYC—obesity	4.17e-06	4.45e-05	CbGpPWpGaD
Fluticasone Propionate—PGR—Signaling Pathways—TGFB1—obesity	4.16e-06	4.44e-05	CbGpPWpGaD
Fluticasone Propionate—CYP3A4—Metabolism—DPYD—obesity	4.15e-06	4.43e-05	CbGpPWpGaD
Fluticasone Propionate—CYP3A5—Metabolism—APOE—obesity	4.13e-06	4.41e-05	CbGpPWpGaD
Fluticasone Propionate—PLA2G4A—Signaling Pathways—MMP9—obesity	4.12e-06	4.4e-05	CbGpPWpGaD
Fluticasone Propionate—CYP3A5—Metabolism—CAV1—obesity	4.1e-06	4.37e-05	CbGpPWpGaD
Fluticasone Propionate—CYP3A5—Metabolism—APOA1—obesity	4.09e-06	4.36e-05	CbGpPWpGaD
Fluticasone Propionate—PLA2G4A—Signaling Pathways—MAPK8—obesity	4.01e-06	4.28e-05	CbGpPWpGaD
Fluticasone Propionate—PLA2G4A—Signaling by GPCR—AKT1—obesity	4e-06	4.27e-05	CbGpPWpGaD
Fluticasone Propionate—CYP3A4—Metabolism—PRKAR2B—obesity	3.99e-06	4.26e-05	CbGpPWpGaD
Fluticasone Propionate—CYP3A4—Metabolism—DCN—obesity	3.96e-06	4.23e-05	CbGpPWpGaD
Fluticasone Propionate—CYP3A7—Metabolism—PIK3CB—obesity	3.95e-06	4.22e-05	CbGpPWpGaD
Fluticasone Propionate—CYP3A7—Metabolism—PTGS2—obesity	3.92e-06	4.18e-05	CbGpPWpGaD
Fluticasone Propionate—CYP3A4—Metabolism—CPT1A—obesity	3.86e-06	4.12e-05	CbGpPWpGaD
Fluticasone Propionate—CYP3A4—Metabolism—NAMPT—obesity	3.78e-06	4.04e-05	CbGpPWpGaD
Fluticasone Propionate—CYP3A4—Metabolism—LIPC—obesity	3.76e-06	4.01e-05	CbGpPWpGaD
Fluticasone Propionate—CYP3A4—Metabolism—GCK—obesity	3.76e-06	4.01e-05	CbGpPWpGaD
Fluticasone Propionate—CYP3A4—Metabolism—APOC3—obesity	3.73e-06	3.99e-05	CbGpPWpGaD
Fluticasone Propionate—CYP3A5—Metabolism—PIK3CG—obesity	3.73e-06	3.98e-05	CbGpPWpGaD
Fluticasone Propionate—NR3C1—Gene Expression—MYC—obesity	3.71e-06	3.96e-05	CbGpPWpGaD
Fluticasone Propionate—PLA2G4A—Signaling Pathways—STAT3—obesity	3.67e-06	3.91e-05	CbGpPWpGaD
Fluticasone Propionate—CYP3A4—Metabolism—CETP—obesity	3.62e-06	3.87e-05	CbGpPWpGaD
Fluticasone Propionate—CYP3A5—Metabolism—PPARG—obesity	3.6e-06	3.84e-05	CbGpPWpGaD
Fluticasone Propionate—CYP3A4—Metabolism—SDC1—obesity	3.58e-06	3.83e-05	CbGpPWpGaD
Fluticasone Propionate—CYP3A5—Metabolism—POMC—obesity	3.55e-06	3.79e-05	CbGpPWpGaD
Fluticasone Propionate—PGR—Signaling Pathways—PIK3CA—obesity	3.54e-06	3.78e-05	CbGpPWpGaD
Fluticasone Propionate—CYP3A5—Metabolism—INS—obesity	3.53e-06	3.77e-05	CbGpPWpGaD
Fluticasone Propionate—CYP3A4—Metabolism—AKR1C3—obesity	3.53e-06	3.76e-05	CbGpPWpGaD
Fluticasone Propionate—CYP3A4—Metabolism—SCARB1—obesity	3.47e-06	3.71e-05	CbGpPWpGaD
Fluticasone Propionate—PLA2G4A—Metabolism—PIK3CA—obesity	3.46e-06	3.69e-05	CbGpPWpGaD
Fluticasone Propionate—PLA2G4A—Signaling Pathways—MYC—obesity	3.41e-06	3.64e-05	CbGpPWpGaD
Fluticasone Propionate—PLA2G4A—Signaling Pathways—TGFB1—obesity	3.4e-06	3.63e-05	CbGpPWpGaD
Fluticasone Propionate—CYP3A4—Metabolism—SREBF1—obesity	3.37e-06	3.6e-05	CbGpPWpGaD
Fluticasone Propionate—CYP3A5—Metabolism—PIK3CD—obesity	3.28e-06	3.5e-05	CbGpPWpGaD
Fluticasone Propionate—CYP3A4—Metabolism—GOT2—obesity	3.28e-06	3.5e-05	CbGpPWpGaD
Fluticasone Propionate—CYP3A5—Metabolism—ALB—obesity	3.24e-06	3.46e-05	CbGpPWpGaD
Fluticasone Propionate—CYP3A4—Metabolism—FASN—obesity	3.21e-06	3.42e-05	CbGpPWpGaD
Fluticasone Propionate—CYP3A4—Metabolism—BCHE—obesity	3.19e-06	3.41e-05	CbGpPWpGaD
Fluticasone Propionate—PGR—Signaling Pathways—IL6—obesity	3.14e-06	3.35e-05	CbGpPWpGaD
Fluticasone Propionate—CYP3A5—Metabolism—NOS3—obesity	3.1e-06	3.31e-05	CbGpPWpGaD
Fluticasone Propionate—CYP3A5—Metabolism—PIK3R1—obesity	3.1e-06	3.31e-05	CbGpPWpGaD
Fluticasone Propionate—CYP3A4—Metabolism—CYP2E1—obesity	3.08e-06	3.29e-05	CbGpPWpGaD
Fluticasone Propionate—CYP3A4—Metabolism—NQO1—obesity	3.05e-06	3.25e-05	CbGpPWpGaD
Fluticasone Propionate—CYP3A4—Metabolism—SLC2A4—obesity	2.92e-06	3.12e-05	CbGpPWpGaD
Fluticasone Propionate—CYP3A4—Metabolism—GCG—obesity	2.92e-06	3.12e-05	CbGpPWpGaD
Fluticasone Propionate—PLA2G4A—Signaling Pathways—PIK3CA—obesity	2.89e-06	3.09e-05	CbGpPWpGaD
Fluticasone Propionate—PGR—Signaling Pathways—AKT1—obesity	2.89e-06	3.09e-05	CbGpPWpGaD
Fluticasone Propionate—CYP3A4—Metabolism—CYCS—obesity	2.88e-06	3.08e-05	CbGpPWpGaD
Fluticasone Propionate—CYP3A5—Metabolism—PIK3CB—obesity	2.86e-06	3.05e-05	CbGpPWpGaD
Fluticasone Propionate—CYP3A5—Metabolism—PTGS2—obesity	2.83e-06	3.02e-05	CbGpPWpGaD
Fluticasone Propionate—CYP3A4—Metabolism—GOT1—obesity	2.83e-06	3.02e-05	CbGpPWpGaD
Fluticasone Propionate—CYP3A4—Metabolism—GGT1—obesity	2.83e-06	3.02e-05	CbGpPWpGaD
Fluticasone Propionate—PLA2G4A—Metabolism—AKT1—obesity	2.83e-06	3.02e-05	CbGpPWpGaD
Fluticasone Propionate—CYP3A4—Metabolism—NCOA1—obesity	2.79e-06	2.98e-05	CbGpPWpGaD
Fluticasone Propionate—CYP3A4—Metabolism—CYP19A1—obesity	2.75e-06	2.93e-05	CbGpPWpGaD
Fluticasone Propionate—CYP3A4—Metabolism—STK11—obesity	2.75e-06	2.93e-05	CbGpPWpGaD
Fluticasone Propionate—NR3C1—Gene Expression—AKT1—obesity	2.57e-06	2.74e-05	CbGpPWpGaD
Fluticasone Propionate—PLA2G4A—Signaling Pathways—IL6—obesity	2.56e-06	2.73e-05	CbGpPWpGaD
Fluticasone Propionate—CYP3A4—Metabolism—COMT—obesity	2.55e-06	2.73e-05	CbGpPWpGaD
Fluticasone Propionate—CYP3A4—Metabolism—GNB3—obesity	2.52e-06	2.69e-05	CbGpPWpGaD
Fluticasone Propionate—CYP3A4—Metabolism—PPARGC1A—obesity	2.52e-06	2.69e-05	CbGpPWpGaD
Fluticasone Propionate—CYP3A4—Metabolism—HMOX1—obesity	2.51e-06	2.68e-05	CbGpPWpGaD
Fluticasone Propionate—CYP3A4—Metabolism—GNAS—obesity	2.45e-06	2.62e-05	CbGpPWpGaD
Fluticasone Propionate—CYP3A7—Metabolism—PIK3CA—obesity	2.41e-06	2.57e-05	CbGpPWpGaD
Fluticasone Propionate—CYP3A4—Metabolism—APOB—obesity	2.4e-06	2.56e-05	CbGpPWpGaD
Fluticasone Propionate—PLA2G4A—Signaling Pathways—AKT1—obesity	2.36e-06	2.52e-05	CbGpPWpGaD
Fluticasone Propionate—CYP3A4—Metabolism—LPL—obesity	2.29e-06	2.45e-05	CbGpPWpGaD
Fluticasone Propionate—CYP3A4—Metabolism—GPX1—obesity	2.24e-06	2.39e-05	CbGpPWpGaD
Fluticasone Propionate—CYP3A4—Metabolism—CD36—obesity	2.18e-06	2.33e-05	CbGpPWpGaD
Fluticasone Propionate—CYP3A4—Metabolism—MTHFR—obesity	2.06e-06	2.2e-05	CbGpPWpGaD
Fluticasone Propionate—CYP3A4—Metabolism—PPARA—obesity	2.03e-06	2.16e-05	CbGpPWpGaD
Fluticasone Propionate—CYP3A7—Metabolism—AKT1—obesity	1.97e-06	2.1e-05	CbGpPWpGaD
Fluticasone Propionate—CYP3A4—Metabolism—AGT—obesity	1.96e-06	2.09e-05	CbGpPWpGaD
Fluticasone Propionate—CYP3A4—Metabolism—APOE—obesity	1.92e-06	2.05e-05	CbGpPWpGaD
Fluticasone Propionate—CYP3A4—Metabolism—CAV1—obesity	1.9e-06	2.03e-05	CbGpPWpGaD
Fluticasone Propionate—CYP3A4—Metabolism—APOA1—obesity	1.9e-06	2.03e-05	CbGpPWpGaD
Fluticasone Propionate—CYP3A5—Metabolism—PIK3CA—obesity	1.74e-06	1.86e-05	CbGpPWpGaD
Fluticasone Propionate—CYP3A4—Metabolism—PIK3CG—obesity	1.73e-06	1.85e-05	CbGpPWpGaD
Fluticasone Propionate—CYP3A4—Metabolism—PPARG—obesity	1.67e-06	1.79e-05	CbGpPWpGaD
Fluticasone Propionate—CYP3A4—Metabolism—POMC—obesity	1.65e-06	1.76e-05	CbGpPWpGaD
Fluticasone Propionate—CYP3A4—Metabolism—INS—obesity	1.64e-06	1.75e-05	CbGpPWpGaD
Fluticasone Propionate—CYP3A4—Metabolism—PIK3CD—obesity	1.52e-06	1.63e-05	CbGpPWpGaD
Fluticasone Propionate—CYP3A4—Metabolism—ALB—obesity	1.51e-06	1.61e-05	CbGpPWpGaD
Fluticasone Propionate—CYP3A4—Metabolism—PIK3R1—obesity	1.44e-06	1.54e-05	CbGpPWpGaD
Fluticasone Propionate—CYP3A4—Metabolism—NOS3—obesity	1.44e-06	1.54e-05	CbGpPWpGaD
Fluticasone Propionate—CYP3A5—Metabolism—AKT1—obesity	1.42e-06	1.52e-05	CbGpPWpGaD
Fluticasone Propionate—CYP3A4—Metabolism—PIK3CB—obesity	1.33e-06	1.42e-05	CbGpPWpGaD
Fluticasone Propionate—CYP3A4—Metabolism—PTGS2—obesity	1.32e-06	1.41e-05	CbGpPWpGaD
Fluticasone Propionate—CYP3A4—Metabolism—PIK3CA—obesity	8.1e-07	8.65e-06	CbGpPWpGaD
Fluticasone Propionate—CYP3A4—Metabolism—AKT1—obesity	6.62e-07	7.06e-06	CbGpPWpGaD
