nodes	percent_of_prediction	percent_of_DWPC	metapath
Succinylcholine—CHRM2—alcohol dependence	0.641	1	CbGaD
Succinylcholine—CHRM1—Citalopram—alcohol dependence	0.141	1	CbGbCtD
Succinylcholine—Sputum increased—Citalopram—alcohol dependence	0.00509	0.0889	CcSEcCtD
Succinylcholine—Increased bronchial secretion—Citalopram—alcohol dependence	0.00478	0.0836	CcSEcCtD
Succinylcholine—CHRNE—blood—alcohol dependence	0.00431	0.101	CbGeAlD
Succinylcholine—Muscle rigidity—Naltrexone—alcohol dependence	0.0041	0.0716	CcSEcCtD
Succinylcholine—Trismus—Citalopram—alcohol dependence	0.00398	0.0695	CcSEcCtD
Succinylcholine—CHRNE—testis—alcohol dependence	0.00356	0.0832	CbGeAlD
Succinylcholine—Carbachol—CHRM2—alcohol dependence	0.00345	0.569	CrCbGaD
Succinylcholine—Muscle contractions involuntary—Citalopram—alcohol dependence	0.00275	0.048	CcSEcCtD
Succinylcholine—Decamethonium—CHRM2—alcohol dependence	0.00261	0.431	CrCbGaD
Succinylcholine—Muscle rigidity—Citalopram—alcohol dependence	0.0026	0.0453	CcSEcCtD
Succinylcholine—CHRND—cardiovascular system—alcohol dependence	0.00216	0.0504	CbGeAlD
Succinylcholine—CHRNG—blood—alcohol dependence	0.00215	0.0503	CbGeAlD
Succinylcholine—Salivary hypersecretion—Acamprosate—alcohol dependence	0.00215	0.0376	CcSEcCtD
Succinylcholine—CHRNG—midbrain—alcohol dependence	0.00213	0.0496	CbGeAlD
Succinylcholine—CHRNA10—blood—alcohol dependence	0.00183	0.0426	CbGeAlD
Succinylcholine—Renal failure acute—Acamprosate—alcohol dependence	0.00174	0.0304	CcSEcCtD
Succinylcholine—CHRNA10—testis—alcohol dependence	0.00151	0.0353	CbGeAlD
Succinylcholine—Rhabdomyolysis—Citalopram—alcohol dependence	0.0015	0.0262	CcSEcCtD
Succinylcholine—Salivary hypersecretion—Citalopram—alcohol dependence	0.00129	0.0225	CcSEcCtD
Succinylcholine—CHRNA1—endocrine gland—alcohol dependence	0.00124	0.0289	CbGeAlD
Succinylcholine—Hypertonia—Citalopram—alcohol dependence	0.00116	0.0203	CcSEcCtD
Succinylcholine—CHRNB1—blood—alcohol dependence	0.0011	0.0257	CbGeAlD
Succinylcholine—CHRNB1—midbrain—alcohol dependence	0.00109	0.0254	CbGeAlD
Succinylcholine—CHRM2—forebrain—alcohol dependence	0.00105	0.0246	CbGeAlD
Succinylcholine—Renal failure acute—Citalopram—alcohol dependence	0.00104	0.0182	CcSEcCtD
Succinylcholine—Rash—Disulfiram—alcohol dependence	0.00101	0.0177	CcSEcCtD
Succinylcholine—CHRM1—forebrain—alcohol dependence	0.00096	0.0224	CbGeAlD
Succinylcholine—Cardiac arrest—Citalopram—alcohol dependence	0.000917	0.016	CcSEcCtD
Succinylcholine—CHRNB1—testis—alcohol dependence	0.00091	0.0213	CbGeAlD
Succinylcholine—CHRM2—cardiovascular system—alcohol dependence	0.000892	0.0208	CbGeAlD
Succinylcholine—CHRNA1—brain—alcohol dependence	0.000884	0.0207	CbGeAlD
Succinylcholine—CHRNB1—liver—alcohol dependence	0.00086	0.0201	CbGeAlD
Succinylcholine—CHRM3—forebrain—alcohol dependence	0.000859	0.0201	CbGeAlD
Succinylcholine—CHRNB1—cerebellum—alcohol dependence	0.00084	0.0196	CbGeAlD
Succinylcholine—Hypertension—Acamprosate—alcohol dependence	0.000836	0.0146	CcSEcCtD
Succinylcholine—Myalgia—Acamprosate—alcohol dependence	0.000824	0.0144	CcSEcCtD
Succinylcholine—Bronchospasm—Citalopram—alcohol dependence	0.00082	0.0143	CcSEcCtD
Succinylcholine—CHRM1—cardiovascular system—alcohol dependence	0.000812	0.019	CbGeAlD
Succinylcholine—Hypertension—Naltrexone—alcohol dependence	0.000791	0.0138	CcSEcCtD
Succinylcholine—Anaphylactic shock—Acamprosate—alcohol dependence	0.00079	0.0138	CcSEcCtD
Succinylcholine—Myalgia—Naltrexone—alcohol dependence	0.00078	0.0136	CcSEcCtD
Succinylcholine—Shock—Acamprosate—alcohol dependence	0.000778	0.0136	CcSEcCtD
Succinylcholine—Tachycardia—Acamprosate—alcohol dependence	0.000771	0.0135	CcSEcCtD
Succinylcholine—Anaphylactic shock—Naltrexone—alcohol dependence	0.000748	0.0131	CcSEcCtD
Succinylcholine—Hypotension—Acamprosate—alcohol dependence	0.000738	0.0129	CcSEcCtD
Succinylcholine—Shock—Naltrexone—alcohol dependence	0.000736	0.0129	CcSEcCtD
Succinylcholine—Tachycardia—Naltrexone—alcohol dependence	0.00073	0.0128	CcSEcCtD
Succinylcholine—BCHE—brainstem—alcohol dependence	0.000726	0.017	CbGeAlD
Succinylcholine—Musculoskeletal discomfort—Acamprosate—alcohol dependence	0.00072	0.0126	CcSEcCtD
Succinylcholine—BCHE—forebrain—alcohol dependence	0.000701	0.0164	CbGeAlD
Succinylcholine—CHRNB1—brain—alcohol dependence	0.000683	0.0159	CbGeAlD
Succinylcholine—Musculoskeletal discomfort—Naltrexone—alcohol dependence	0.000681	0.0119	CcSEcCtD
Succinylcholine—Bradycardia—Citalopram—alcohol dependence	0.000679	0.0119	CcSEcCtD
Succinylcholine—Urticaria—Acamprosate—alcohol dependence	0.000628	0.011	CcSEcCtD
Succinylcholine—Body temperature increased—Acamprosate—alcohol dependence	0.000625	0.0109	CcSEcCtD
Succinylcholine—Flushing—Citalopram—alcohol dependence	0.000619	0.0108	CcSEcCtD
Succinylcholine—CHRM2—endocrine gland—alcohol dependence	0.000612	0.0143	CbGeAlD
Succinylcholine—CHRM3—digestive system—alcohol dependence	0.000603	0.0141	CbGeAlD
Succinylcholine—Arrhythmia—Citalopram—alcohol dependence	0.000596	0.0104	CcSEcCtD
Succinylcholine—Urticaria—Naltrexone—alcohol dependence	0.000594	0.0104	CcSEcCtD
Succinylcholine—BCHE—cardiovascular system—alcohol dependence	0.000593	0.0138	CbGeAlD
Succinylcholine—Body temperature increased—Naltrexone—alcohol dependence	0.000591	0.0103	CcSEcCtD
Succinylcholine—Hypersensitivity—Acamprosate—alcohol dependence	0.000582	0.0102	CcSEcCtD
Succinylcholine—CHRM2—nervous system—alcohol dependence	0.000572	0.0134	CbGeAlD
Succinylcholine—CHRM1—endocrine gland—alcohol dependence	0.000557	0.013	CbGeAlD
Succinylcholine—CHRM2—central nervous system—alcohol dependence	0.000551	0.0129	CbGeAlD
Succinylcholine—Hypersensitivity—Naltrexone—alcohol dependence	0.000551	0.00963	CcSEcCtD
Succinylcholine—CHRM1—nervous system—alcohol dependence	0.000521	0.0122	CbGeAlD
Succinylcholine—CHRM1—central nervous system—alcohol dependence	0.000502	0.0117	CbGeAlD
Succinylcholine—Hypertension—Citalopram—alcohol dependence	0.000501	0.00876	CcSEcCtD
Succinylcholine—Rash—Acamprosate—alcohol dependence	0.000498	0.00871	CcSEcCtD
Succinylcholine—CHRM3—endocrine gland—alcohol dependence	0.000498	0.0116	CbGeAlD
Succinylcholine—Dermatitis—Acamprosate—alcohol dependence	0.000498	0.0087	CcSEcCtD
Succinylcholine—Myalgia—Citalopram—alcohol dependence	0.000494	0.00864	CcSEcCtD
Succinylcholine—BCHE—digestive system—alcohol dependence	0.000492	0.0115	CbGeAlD
Succinylcholine—CHRM3—testis—alcohol dependence	0.000475	0.0111	CbGeAlD
Succinylcholine—Anaphylactic shock—Citalopram—alcohol dependence	0.000474	0.00828	CcSEcCtD
Succinylcholine—Rash—Naltrexone—alcohol dependence	0.000471	0.00824	CcSEcCtD
Succinylcholine—Dermatitis—Naltrexone—alcohol dependence	0.000471	0.00823	CcSEcCtD
Succinylcholine—BCHE—blood—alcohol dependence	0.000469	0.011	CbGeAlD
Succinylcholine—CHRM3—nervous system—alcohol dependence	0.000466	0.0109	CbGeAlD
Succinylcholine—Shock—Citalopram—alcohol dependence	0.000466	0.00815	CcSEcCtD
Succinylcholine—BCHE—midbrain—alcohol dependence	0.000463	0.0108	CbGeAlD
Succinylcholine—Tachycardia—Citalopram—alcohol dependence	0.000462	0.00808	CcSEcCtD
Succinylcholine—CHRM3—central nervous system—alcohol dependence	0.000449	0.0105	CbGeAlD
Succinylcholine—Hypotension—Citalopram—alcohol dependence	0.000443	0.00774	CcSEcCtD
Succinylcholine—CHRM2—brain—alcohol dependence	0.000438	0.0102	CbGeAlD
Succinylcholine—Musculoskeletal discomfort—Citalopram—alcohol dependence	0.000432	0.00754	CcSEcCtD
Succinylcholine—BCHE—endocrine gland—alcohol dependence	0.000407	0.0095	CbGeAlD
Succinylcholine—CHRM1—brain—alcohol dependence	0.000398	0.0093	CbGeAlD
Succinylcholine—BCHE—testis—alcohol dependence	0.000388	0.00906	CbGeAlD
Succinylcholine—BCHE—nervous system—alcohol dependence	0.000381	0.00889	CbGeAlD
Succinylcholine—Urticaria—Citalopram—alcohol dependence	0.000376	0.00658	CcSEcCtD
Succinylcholine—Body temperature increased—Citalopram—alcohol dependence	0.000375	0.00654	CcSEcCtD
Succinylcholine—BCHE—liver—alcohol dependence	0.000367	0.00856	CbGeAlD
Succinylcholine—BCHE—central nervous system—alcohol dependence	0.000366	0.00856	CbGeAlD
Succinylcholine—BCHE—cerebellum—alcohol dependence	0.000358	0.00837	CbGeAlD
Succinylcholine—CHRM3—brain—alcohol dependence	0.000356	0.00832	CbGeAlD
Succinylcholine—Hypersensitivity—Citalopram—alcohol dependence	0.000349	0.0061	CcSEcCtD
Succinylcholine—Rash—Citalopram—alcohol dependence	0.000299	0.00522	CcSEcCtD
Succinylcholine—Dermatitis—Citalopram—alcohol dependence	0.000298	0.00522	CcSEcCtD
Succinylcholine—BCHE—brain—alcohol dependence	0.000291	0.00679	CbGeAlD
Succinylcholine—CHRM3—GPCR downstream signaling—OPRK1—alcohol dependence	9.26e-05	0.00083	CbGpPWpGaD
Succinylcholine—CHRM1—GPCR ligand binding—CHRM2—alcohol dependence	9.26e-05	0.00083	CbGpPWpGaD
Succinylcholine—CHRM3—GPCR ligand binding—CHRM2—alcohol dependence	9.23e-05	0.000827	CbGpPWpGaD
Succinylcholine—CHRM1—Gastrin-CREB signalling pathway via PKC and MAPK—AVP—alcohol dependence	9.17e-05	0.000822	CbGpPWpGaD
Succinylcholine—CHRM2—GPCR downstream signaling—OPRK1—alcohol dependence	9.17e-05	0.000822	CbGpPWpGaD
Succinylcholine—CHRM3—Gastrin-CREB signalling pathway via PKC and MAPK—AVP—alcohol dependence	9.14e-05	0.00082	CbGpPWpGaD
Succinylcholine—CHRM1—Class A/1 (Rhodopsin-like receptors)—DRD4—alcohol dependence	8.66e-05	0.000777	CbGpPWpGaD
Succinylcholine—CHRM3—Class A/1 (Rhodopsin-like receptors)—DRD4—alcohol dependence	8.63e-05	0.000774	CbGpPWpGaD
Succinylcholine—CHRM2—Class A/1 (Rhodopsin-like receptors)—DRD4—alcohol dependence	8.55e-05	0.000767	CbGpPWpGaD
Succinylcholine—CHRM1—G alpha (q) signalling events—HTR2A—alcohol dependence	8.53e-05	0.000765	CbGpPWpGaD
Succinylcholine—CHRM3—G alpha (q) signalling events—HTR2A—alcohol dependence	8.5e-05	0.000763	CbGpPWpGaD
Succinylcholine—CHRM1—GPCR ligand binding—OPRM1—alcohol dependence	8.5e-05	0.000762	CbGpPWpGaD
Succinylcholine—CHRM3—GPCR ligand binding—OPRM1—alcohol dependence	8.47e-05	0.00076	CbGpPWpGaD
Succinylcholine—BCHE—Metabolism—ADH1A—alcohol dependence	8.44e-05	0.000757	CbGpPWpGaD
Succinylcholine—CHRM1—Signaling by GPCR—OPRK1—alcohol dependence	8.43e-05	0.000756	CbGpPWpGaD
Succinylcholine—CHRM3—Signaling by GPCR—OPRK1—alcohol dependence	8.41e-05	0.000754	CbGpPWpGaD
Succinylcholine—CHRM2—GPCR ligand binding—OPRM1—alcohol dependence	8.39e-05	0.000752	CbGpPWpGaD
Succinylcholine—CHRM2—Signaling by GPCR—OPRK1—alcohol dependence	8.32e-05	0.000746	CbGpPWpGaD
Succinylcholine—CHRM1—Class A/1 (Rhodopsin-like receptors)—CNR1—alcohol dependence	8.27e-05	0.000741	CbGpPWpGaD
Succinylcholine—CHRM3—Class A/1 (Rhodopsin-like receptors)—CNR1—alcohol dependence	8.24e-05	0.000739	CbGpPWpGaD
Succinylcholine—CHRM2—Class A/1 (Rhodopsin-like receptors)—CNR1—alcohol dependence	8.16e-05	0.000732	CbGpPWpGaD
Succinylcholine—CHRM1—Class A/1 (Rhodopsin-like receptors)—DRD2—alcohol dependence	8.07e-05	0.000723	CbGpPWpGaD
Succinylcholine—CHRM1—Class A/1 (Rhodopsin-like receptors)—HTR7—alcohol dependence	8.07e-05	0.000723	CbGpPWpGaD
Succinylcholine—CHRM3—Class A/1 (Rhodopsin-like receptors)—HTR7—alcohol dependence	8.04e-05	0.000721	CbGpPWpGaD
Succinylcholine—CHRM3—Class A/1 (Rhodopsin-like receptors)—DRD2—alcohol dependence	8.04e-05	0.000721	CbGpPWpGaD
Succinylcholine—CHRM2—Class A/1 (Rhodopsin-like receptors)—DRD2—alcohol dependence	7.96e-05	0.000714	CbGpPWpGaD
Succinylcholine—CHRM2—Class A/1 (Rhodopsin-like receptors)—HTR7—alcohol dependence	7.96e-05	0.000714	CbGpPWpGaD
Succinylcholine—CHRM3—Metabolism—ADH6—alcohol dependence	7.84e-05	0.000703	CbGpPWpGaD
Succinylcholine—CHRM1—GPCR ligand binding—NPY—alcohol dependence	7.82e-05	0.000701	CbGpPWpGaD
Succinylcholine—CHRM3—GPCR ligand binding—NPY—alcohol dependence	7.8e-05	0.000699	CbGpPWpGaD
Succinylcholine—CHRM2—GPCR ligand binding—NPY—alcohol dependence	7.72e-05	0.000692	CbGpPWpGaD
Succinylcholine—CHRM1—Gastrin-CREB signalling pathway via PKC and MAPK—HTR2A—alcohol dependence	7.63e-05	0.000684	CbGpPWpGaD
Succinylcholine—CHRM3—Gastrin-CREB signalling pathway via PKC and MAPK—HTR2A—alcohol dependence	7.61e-05	0.000682	CbGpPWpGaD
Succinylcholine—CHRM1—GPCR ligand binding—HTR1B—alcohol dependence	7.55e-05	0.000677	CbGpPWpGaD
Succinylcholine—CHRM1—GPCR ligand binding—CRH—alcohol dependence	7.55e-05	0.000677	CbGpPWpGaD
Succinylcholine—CHRM3—GPCR ligand binding—HTR1B—alcohol dependence	7.52e-05	0.000674	CbGpPWpGaD
Succinylcholine—CHRM3—GPCR ligand binding—CRH—alcohol dependence	7.52e-05	0.000674	CbGpPWpGaD
Succinylcholine—CHRM2—GPCR ligand binding—HTR1B—alcohol dependence	7.45e-05	0.000668	CbGpPWpGaD
Succinylcholine—CHRM2—GPCR ligand binding—CRH—alcohol dependence	7.45e-05	0.000668	CbGpPWpGaD
Succinylcholine—BCHE—Metabolism—ADH4—alcohol dependence	7.18e-05	0.000644	CbGpPWpGaD
Succinylcholine—CHRM1—Class A/1 (Rhodopsin-like receptors)—AVP—alcohol dependence	6.79e-05	0.000609	CbGpPWpGaD
Succinylcholine—CHRM3—Class A/1 (Rhodopsin-like receptors)—AVP—alcohol dependence	6.77e-05	0.000607	CbGpPWpGaD
Succinylcholine—CHRM2—Class A/1 (Rhodopsin-like receptors)—AVP—alcohol dependence	6.7e-05	0.000601	CbGpPWpGaD
Succinylcholine—CHRM1—GPCRs, Class A Rhodopsin-like—HTR2A—alcohol dependence	6.6e-05	0.000591	CbGpPWpGaD
Succinylcholine—CHRM1—GPCR ligand binding—DRD4—alcohol dependence	6.59e-05	0.000591	CbGpPWpGaD
Succinylcholine—CHRM3—GPCRs, Class A Rhodopsin-like—HTR2A—alcohol dependence	6.57e-05	0.000589	CbGpPWpGaD
Succinylcholine—CHRM3—GPCR ligand binding—DRD4—alcohol dependence	6.57e-05	0.000589	CbGpPWpGaD
Succinylcholine—CHRM2—GPCRs, Class A Rhodopsin-like—HTR2A—alcohol dependence	6.51e-05	0.000584	CbGpPWpGaD
Succinylcholine—CHRM2—GPCR ligand binding—DRD4—alcohol dependence	6.51e-05	0.000584	CbGpPWpGaD
Succinylcholine—CHRM3—Metabolism—ADH1A—alcohol dependence	6.49e-05	0.000582	CbGpPWpGaD
Succinylcholine—CHRM1—GPCR ligand binding—CNR1—alcohol dependence	6.3e-05	0.000565	CbGpPWpGaD
Succinylcholine—CHRM3—GPCR ligand binding—CNR1—alcohol dependence	6.28e-05	0.000563	CbGpPWpGaD
Succinylcholine—CHRM1—GPCR downstream signaling—OPRD1—alcohol dependence	6.24e-05	0.00056	CbGpPWpGaD
Succinylcholine—CHRM3—GPCR downstream signaling—OPRD1—alcohol dependence	6.22e-05	0.000558	CbGpPWpGaD
Succinylcholine—CHRM2—GPCR ligand binding—CNR1—alcohol dependence	6.22e-05	0.000557	CbGpPWpGaD
Succinylcholine—BCHE—Metabolism of lipids and lipoproteins—GGT1—alcohol dependence	6.22e-05	0.000557	CbGpPWpGaD
Succinylcholine—CHRM2—GPCR downstream signaling—OPRD1—alcohol dependence	6.16e-05	0.000552	CbGpPWpGaD
Succinylcholine—CHRM1—GPCR ligand binding—HTR7—alcohol dependence	6.14e-05	0.000551	CbGpPWpGaD
Succinylcholine—CHRM1—GPCR ligand binding—DRD2—alcohol dependence	6.14e-05	0.000551	CbGpPWpGaD
Succinylcholine—CHRM3—GPCR ligand binding—HTR7—alcohol dependence	6.12e-05	0.000549	CbGpPWpGaD
Succinylcholine—CHRM3—GPCR ligand binding—DRD2—alcohol dependence	6.12e-05	0.000549	CbGpPWpGaD
Succinylcholine—BCHE—Metabolism—ADH7—alcohol dependence	6.1e-05	0.000547	CbGpPWpGaD
Succinylcholine—CHRM2—GPCR ligand binding—HTR7—alcohol dependence	6.06e-05	0.000544	CbGpPWpGaD
Succinylcholine—CHRM2—GPCR ligand binding—DRD2—alcohol dependence	6.06e-05	0.000544	CbGpPWpGaD
Succinylcholine—CHRM1—GPCR downstream signaling—PDYN—alcohol dependence	5.98e-05	0.000537	CbGpPWpGaD
Succinylcholine—CHRM3—GPCR downstream signaling—PDYN—alcohol dependence	5.96e-05	0.000535	CbGpPWpGaD
Succinylcholine—CHRM2—GPCR downstream signaling—PDYN—alcohol dependence	5.91e-05	0.00053	CbGpPWpGaD
Succinylcholine—BCHE—Metabolism—GGT2—alcohol dependence	5.85e-05	0.000525	CbGpPWpGaD
Succinylcholine—CHRM1—Signaling by GPCR—OPRD1—alcohol dependence	5.67e-05	0.000508	CbGpPWpGaD
Succinylcholine—CHRM1—Class A/1 (Rhodopsin-like receptors)—HTR2A—alcohol dependence	5.65e-05	0.000507	CbGpPWpGaD
Succinylcholine—CHRM3—Signaling by GPCR—OPRD1—alcohol dependence	5.65e-05	0.000507	CbGpPWpGaD
Succinylcholine—CHRM3—Class A/1 (Rhodopsin-like receptors)—HTR2A—alcohol dependence	5.63e-05	0.000505	CbGpPWpGaD
Succinylcholine—CHRM2—G alpha (i) signalling events—POMC—alcohol dependence	5.6e-05	0.000502	CbGpPWpGaD
Succinylcholine—CHRM2—Signaling by GPCR—OPRD1—alcohol dependence	5.6e-05	0.000502	CbGpPWpGaD
Succinylcholine—CHRM2—Class A/1 (Rhodopsin-like receptors)—HTR2A—alcohol dependence	5.58e-05	0.0005	CbGpPWpGaD
Succinylcholine—CHRM1—GPCR downstream signaling—CRHR1—alcohol dependence	5.56e-05	0.000499	CbGpPWpGaD
Succinylcholine—CHRM3—GPCR downstream signaling—CRHR1—alcohol dependence	5.55e-05	0.000497	CbGpPWpGaD
Succinylcholine—CHRM3—Metabolism—ADH4—alcohol dependence	5.52e-05	0.000495	CbGpPWpGaD
Succinylcholine—CHRM2—GPCR downstream signaling—CRHR1—alcohol dependence	5.49e-05	0.000492	CbGpPWpGaD
Succinylcholine—CHRM1—Signaling by GPCR—PDYN—alcohol dependence	5.43e-05	0.000487	CbGpPWpGaD
Succinylcholine—CHRM3—Signaling by GPCR—PDYN—alcohol dependence	5.42e-05	0.000486	CbGpPWpGaD
Succinylcholine—CHRM2—Signaling by GPCR—PDYN—alcohol dependence	5.36e-05	0.000481	CbGpPWpGaD
Succinylcholine—BCHE—Metabolism—ADH1B—alcohol dependence	5.35e-05	0.00048	CbGpPWpGaD
Succinylcholine—CHRM1—GPCR downstream signaling—CHRM2—alcohol dependence	5.23e-05	0.000469	CbGpPWpGaD
Succinylcholine—CHRM3—GPCR downstream signaling—CHRM2—alcohol dependence	5.21e-05	0.000468	CbGpPWpGaD
Succinylcholine—CHRM1—GPCR ligand binding—AVP—alcohol dependence	5.17e-05	0.000464	CbGpPWpGaD
Succinylcholine—CHRM2—SIDS Susceptibility Pathways—EP300—alcohol dependence	5.16e-05	0.000463	CbGpPWpGaD
Succinylcholine—CHRM3—GPCR ligand binding—AVP—alcohol dependence	5.15e-05	0.000462	CbGpPWpGaD
Succinylcholine—CHRM2—GPCR ligand binding—AVP—alcohol dependence	5.1e-05	0.000458	CbGpPWpGaD
Succinylcholine—CHRM1—Signaling by GPCR—CRHR1—alcohol dependence	5.05e-05	0.000453	CbGpPWpGaD
Succinylcholine—CHRM3—Signaling by GPCR—CRHR1—alcohol dependence	5.04e-05	0.000452	CbGpPWpGaD
Succinylcholine—CHRM2—Signaling by GPCR—CRHR1—alcohol dependence	4.99e-05	0.000447	CbGpPWpGaD
Succinylcholine—CHRM1—Signaling Pathways—OPRK1—alcohol dependence	4.98e-05	0.000447	CbGpPWpGaD
Succinylcholine—CHRM3—Signaling Pathways—OPRK1—alcohol dependence	4.97e-05	0.000445	CbGpPWpGaD
Succinylcholine—CHRM2—Signaling Pathways—OPRK1—alcohol dependence	4.92e-05	0.000441	CbGpPWpGaD
Succinylcholine—CHRM1—GPCR downstream signaling—OPRM1—alcohol dependence	4.8e-05	0.000431	CbGpPWpGaD
Succinylcholine—CHRM3—GPCR downstream signaling—OPRM1—alcohol dependence	4.79e-05	0.000429	CbGpPWpGaD
Succinylcholine—CHRM1—Signaling by GPCR—CHRM2—alcohol dependence	4.75e-05	0.000426	CbGpPWpGaD
Succinylcholine—CHRM2—GPCR downstream signaling—OPRM1—alcohol dependence	4.74e-05	0.000425	CbGpPWpGaD
Succinylcholine—CHRM3—Signaling by GPCR—CHRM2—alcohol dependence	4.73e-05	0.000425	CbGpPWpGaD
Succinylcholine—CHRM3—Metabolism—ADH7—alcohol dependence	4.69e-05	0.000421	CbGpPWpGaD
Succinylcholine—CHRM1—Class A/1 (Rhodopsin-like receptors)—POMC—alcohol dependence	4.51e-05	0.000405	CbGpPWpGaD
Succinylcholine—CHRM3—Metabolism—GGT2—alcohol dependence	4.5e-05	0.000404	CbGpPWpGaD
Succinylcholine—CHRM3—Class A/1 (Rhodopsin-like receptors)—POMC—alcohol dependence	4.5e-05	0.000403	CbGpPWpGaD
Succinylcholine—CHRM2—Class A/1 (Rhodopsin-like receptors)—POMC—alcohol dependence	4.45e-05	0.000399	CbGpPWpGaD
Succinylcholine—BCHE—Metabolism—MAOB—alcohol dependence	4.44e-05	0.000398	CbGpPWpGaD
Succinylcholine—CHRM1—GPCR downstream signaling—NPY—alcohol dependence	4.42e-05	0.000396	CbGpPWpGaD
Succinylcholine—CHRM3—GPCR downstream signaling—NPY—alcohol dependence	4.41e-05	0.000395	CbGpPWpGaD
Succinylcholine—CHRM2—GPCR downstream signaling—NPY—alcohol dependence	4.36e-05	0.000391	CbGpPWpGaD
Succinylcholine—CHRM1—Signaling by GPCR—OPRM1—alcohol dependence	4.36e-05	0.000391	CbGpPWpGaD
Succinylcholine—CHRM3—Signaling by GPCR—OPRM1—alcohol dependence	4.35e-05	0.00039	CbGpPWpGaD
Succinylcholine—CHRM2—Signaling by GPCR—OPRM1—alcohol dependence	4.3e-05	0.000386	CbGpPWpGaD
Succinylcholine—CHRM1—GPCR ligand binding—HTR2A—alcohol dependence	4.3e-05	0.000386	CbGpPWpGaD
Succinylcholine—CHRM3—GPCR ligand binding—HTR2A—alcohol dependence	4.29e-05	0.000385	CbGpPWpGaD
Succinylcholine—CHRM1—Circadian rythm related genes—EP300—alcohol dependence	4.27e-05	0.000383	CbGpPWpGaD
Succinylcholine—CHRM1—GPCR downstream signaling—CRH—alcohol dependence	4.26e-05	0.000382	CbGpPWpGaD
Succinylcholine—CHRM1—GPCR downstream signaling—HTR1B—alcohol dependence	4.26e-05	0.000382	CbGpPWpGaD
Succinylcholine—CHRM3—GPCR downstream signaling—HTR1B—alcohol dependence	4.25e-05	0.000381	CbGpPWpGaD
Succinylcholine—CHRM3—GPCR downstream signaling—CRH—alcohol dependence	4.25e-05	0.000381	CbGpPWpGaD
Succinylcholine—CHRM2—GPCR ligand binding—HTR2A—alcohol dependence	4.25e-05	0.000381	CbGpPWpGaD
Succinylcholine—CHRM2—GPCR downstream signaling—HTR1B—alcohol dependence	4.21e-05	0.000377	CbGpPWpGaD
Succinylcholine—CHRM2—GPCR downstream signaling—CRH—alcohol dependence	4.21e-05	0.000377	CbGpPWpGaD
Succinylcholine—CHRM3—Metabolism—ADH1B—alcohol dependence	4.12e-05	0.000369	CbGpPWpGaD
Succinylcholine—CHRM1—Signaling by GPCR—NPY—alcohol dependence	4.01e-05	0.00036	CbGpPWpGaD
Succinylcholine—CHRM3—Signaling by GPCR—NPY—alcohol dependence	4e-05	0.000359	CbGpPWpGaD
Succinylcholine—CHRM2—Signaling by GPCR—NPY—alcohol dependence	3.96e-05	0.000355	CbGpPWpGaD
Succinylcholine—CHRM1—Signaling by GPCR—HTR1B—alcohol dependence	3.87e-05	0.000347	CbGpPWpGaD
Succinylcholine—CHRM1—Signaling by GPCR—CRH—alcohol dependence	3.87e-05	0.000347	CbGpPWpGaD
Succinylcholine—CHRM3—Signaling by GPCR—HTR1B—alcohol dependence	3.86e-05	0.000346	CbGpPWpGaD
Succinylcholine—CHRM3—Signaling by GPCR—CRH—alcohol dependence	3.86e-05	0.000346	CbGpPWpGaD
Succinylcholine—CHRM2—Signaling by GPCR—CRH—alcohol dependence	3.82e-05	0.000343	CbGpPWpGaD
Succinylcholine—CHRM2—Signaling by GPCR—HTR1B—alcohol dependence	3.82e-05	0.000343	CbGpPWpGaD
Succinylcholine—BCHE—Metabolism—ALDH2—alcohol dependence	3.77e-05	0.000338	CbGpPWpGaD
Succinylcholine—CHRM1—GPCR downstream signaling—DRD4—alcohol dependence	3.73e-05	0.000334	CbGpPWpGaD
Succinylcholine—CHRM3—GPCR downstream signaling—DRD4—alcohol dependence	3.72e-05	0.000333	CbGpPWpGaD
Succinylcholine—CHRM2—GPCR downstream signaling—DRD4—alcohol dependence	3.68e-05	0.00033	CbGpPWpGaD
Succinylcholine—BCHE—Metabolism of lipids and lipoproteins—POMC—alcohol dependence	3.63e-05	0.000325	CbGpPWpGaD
Succinylcholine—CHRM1—GPCR downstream signaling—CNR1—alcohol dependence	3.56e-05	0.000319	CbGpPWpGaD
Succinylcholine—CHRM3—GPCR downstream signaling—CNR1—alcohol dependence	3.55e-05	0.000318	CbGpPWpGaD
Succinylcholine—CHRM2—GPCR downstream signaling—CNR1—alcohol dependence	3.51e-05	0.000315	CbGpPWpGaD
Succinylcholine—CHRM1—GPCR downstream signaling—DRD2—alcohol dependence	3.47e-05	0.000311	CbGpPWpGaD
Succinylcholine—CHRM1—GPCR downstream signaling—HTR7—alcohol dependence	3.47e-05	0.000311	CbGpPWpGaD
Succinylcholine—CHRM3—GPCR downstream signaling—HTR7—alcohol dependence	3.46e-05	0.00031	CbGpPWpGaD
Succinylcholine—CHRM3—GPCR downstream signaling—DRD2—alcohol dependence	3.46e-05	0.00031	CbGpPWpGaD
Succinylcholine—CHRM1—GPCR ligand binding—POMC—alcohol dependence	3.44e-05	0.000308	CbGpPWpGaD
Succinylcholine—CHRM2—GPCR downstream signaling—HTR7—alcohol dependence	3.43e-05	0.000307	CbGpPWpGaD
Succinylcholine—CHRM2—GPCR downstream signaling—DRD2—alcohol dependence	3.43e-05	0.000307	CbGpPWpGaD
Succinylcholine—CHRM3—GPCR ligand binding—POMC—alcohol dependence	3.43e-05	0.000307	CbGpPWpGaD
Succinylcholine—CHRM3—Metabolism—MAOB—alcohol dependence	3.41e-05	0.000306	CbGpPWpGaD
Succinylcholine—CHRM2—GPCR ligand binding—POMC—alcohol dependence	3.39e-05	0.000304	CbGpPWpGaD
Succinylcholine—CHRM1—Signaling by GPCR—DRD4—alcohol dependence	3.38e-05	0.000303	CbGpPWpGaD
Succinylcholine—CHRM3—Signaling by GPCR—DRD4—alcohol dependence	3.37e-05	0.000303	CbGpPWpGaD
Succinylcholine—CHRM1—Signaling Pathways—OPRD1—alcohol dependence	3.35e-05	0.0003	CbGpPWpGaD
Succinylcholine—CHRM2—Signaling by GPCR—DRD4—alcohol dependence	3.34e-05	0.0003	CbGpPWpGaD
Succinylcholine—CHRM3—Signaling Pathways—OPRD1—alcohol dependence	3.34e-05	0.000299	CbGpPWpGaD
Succinylcholine—CHRM2—Signaling Pathways—OPRD1—alcohol dependence	3.31e-05	0.000296	CbGpPWpGaD
Succinylcholine—CHRM1—Signaling by GPCR—CNR1—alcohol dependence	3.23e-05	0.00029	CbGpPWpGaD
Succinylcholine—CHRM3—Signaling by GPCR—CNR1—alcohol dependence	3.22e-05	0.000289	CbGpPWpGaD
Succinylcholine—CHRM1—Signaling Pathways—PDYN—alcohol dependence	3.21e-05	0.000288	CbGpPWpGaD
Succinylcholine—BCHE—Metabolism—GOT2—alcohol dependence	3.21e-05	0.000288	CbGpPWpGaD
Succinylcholine—CHRM3—Signaling Pathways—PDYN—alcohol dependence	3.2e-05	0.000287	CbGpPWpGaD
Succinylcholine—CHRM2—Signaling by GPCR—CNR1—alcohol dependence	3.19e-05	0.000286	CbGpPWpGaD
Succinylcholine—CHRM2—Signaling Pathways—PDYN—alcohol dependence	3.17e-05	0.000284	CbGpPWpGaD
Succinylcholine—CHRM1—Signaling by GPCR—HTR7—alcohol dependence	3.15e-05	0.000283	CbGpPWpGaD
Succinylcholine—CHRM1—Signaling by GPCR—DRD2—alcohol dependence	3.15e-05	0.000283	CbGpPWpGaD
Succinylcholine—CHRM3—Signaling by GPCR—HTR7—alcohol dependence	3.14e-05	0.000282	CbGpPWpGaD
Succinylcholine—CHRM3—Signaling by GPCR—DRD2—alcohol dependence	3.14e-05	0.000282	CbGpPWpGaD
Succinylcholine—BCHE—Metabolism of proteins—POMC—alcohol dependence	3.13e-05	0.000281	CbGpPWpGaD
Succinylcholine—CHRM2—Signaling by GPCR—DRD2—alcohol dependence	3.11e-05	0.000279	CbGpPWpGaD
Succinylcholine—CHRM2—Signaling by GPCR—HTR7—alcohol dependence	3.11e-05	0.000279	CbGpPWpGaD
Succinylcholine—BCHE—Metabolism—CYP2E1—alcohol dependence	3.02e-05	0.00027	CbGpPWpGaD
Succinylcholine—CHRM1—Signaling Pathways—CRHR1—alcohol dependence	2.98e-05	0.000268	CbGpPWpGaD
Succinylcholine—CHRM1—Signaling Pathways—WASF2—alcohol dependence	2.98e-05	0.000268	CbGpPWpGaD
Succinylcholine—CHRM3—Signaling Pathways—WASF2—alcohol dependence	2.97e-05	0.000267	CbGpPWpGaD
Succinylcholine—CHRM3—Signaling Pathways—CRHR1—alcohol dependence	2.97e-05	0.000267	CbGpPWpGaD
Succinylcholine—CHRM2—Signaling Pathways—CRHR1—alcohol dependence	2.95e-05	0.000264	CbGpPWpGaD
Succinylcholine—CHRM2—Signaling Pathways—WASF2—alcohol dependence	2.95e-05	0.000264	CbGpPWpGaD
Succinylcholine—CHRM1—GPCR downstream signaling—AVP—alcohol dependence	2.92e-05	0.000262	CbGpPWpGaD
Succinylcholine—CHRM3—GPCR downstream signaling—AVP—alcohol dependence	2.91e-05	0.000261	CbGpPWpGaD
Succinylcholine—CHRM3—Metabolism—ALDH2—alcohol dependence	2.9e-05	0.00026	CbGpPWpGaD
Succinylcholine—CHRM2—GPCR downstream signaling—AVP—alcohol dependence	2.88e-05	0.000259	CbGpPWpGaD
Succinylcholine—CHRM1—Signaling Pathways—WASF1—alcohol dependence	2.86e-05	0.000257	CbGpPWpGaD
Succinylcholine—CHRM3—Signaling Pathways—WASF1—alcohol dependence	2.85e-05	0.000256	CbGpPWpGaD
Succinylcholine—CHRM2—Signaling Pathways—WASF1—alcohol dependence	2.82e-05	0.000253	CbGpPWpGaD
Succinylcholine—CHRM1—Signaling Pathways—CHRM2—alcohol dependence	2.81e-05	0.000252	CbGpPWpGaD
Succinylcholine—CHRM3—Signaling Pathways—CHRM2—alcohol dependence	2.8e-05	0.000251	CbGpPWpGaD
Succinylcholine—BCHE—Metabolism—GOT1—alcohol dependence	2.77e-05	0.000248	CbGpPWpGaD
Succinylcholine—BCHE—Metabolism—GGT1—alcohol dependence	2.77e-05	0.000248	CbGpPWpGaD
Succinylcholine—CHRM1—Signaling by GPCR—AVP—alcohol dependence	2.65e-05	0.000238	CbGpPWpGaD
Succinylcholine—CHRM3—Signaling by GPCR—AVP—alcohol dependence	2.65e-05	0.000237	CbGpPWpGaD
Succinylcholine—CHRM2—Signaling by GPCR—AVP—alcohol dependence	2.62e-05	0.000235	CbGpPWpGaD
Succinylcholine—CHRM1—Signaling Pathways—OPRM1—alcohol dependence	2.58e-05	0.000231	CbGpPWpGaD
Succinylcholine—CHRM3—Signaling Pathways—OPRM1—alcohol dependence	2.57e-05	0.00023	CbGpPWpGaD
Succinylcholine—CHRM2—Signaling Pathways—OPRM1—alcohol dependence	2.54e-05	0.000228	CbGpPWpGaD
Succinylcholine—BCHE—Metabolism—MAOA—alcohol dependence	2.48e-05	0.000222	CbGpPWpGaD
Succinylcholine—CHRM3—Metabolism—GOT2—alcohol dependence	2.47e-05	0.000221	CbGpPWpGaD
Succinylcholine—CHRM1—GPCR downstream signaling—HTR2A—alcohol dependence	2.43e-05	0.000218	CbGpPWpGaD
Succinylcholine—CHRM3—GPCR downstream signaling—HTR2A—alcohol dependence	2.42e-05	0.000217	CbGpPWpGaD
Succinylcholine—BCHE—Metabolism of lipids and lipoproteins—EP300—alcohol dependence	2.41e-05	0.000216	CbGpPWpGaD
Succinylcholine—CHRM2—GPCR downstream signaling—HTR2A—alcohol dependence	2.4e-05	0.000215	CbGpPWpGaD
Succinylcholine—CHRM1—Signaling Pathways—NPY—alcohol dependence	2.37e-05	0.000213	CbGpPWpGaD
Succinylcholine—CHRM3—Signaling Pathways—NPY—alcohol dependence	2.36e-05	0.000212	CbGpPWpGaD
Succinylcholine—CHRM2—Signaling Pathways—NPY—alcohol dependence	2.34e-05	0.00021	CbGpPWpGaD
Succinylcholine—CHRM3—Metabolism—CYP2E1—alcohol dependence	2.32e-05	0.000208	CbGpPWpGaD
Succinylcholine—CHRM1—Signaling Pathways—CRH—alcohol dependence	2.29e-05	0.000205	CbGpPWpGaD
Succinylcholine—CHRM1—Signaling Pathways—HTR1B—alcohol dependence	2.29e-05	0.000205	CbGpPWpGaD
Succinylcholine—CHRM3—Signaling Pathways—HTR1B—alcohol dependence	2.28e-05	0.000204	CbGpPWpGaD
Succinylcholine—CHRM3—Signaling Pathways—CRH—alcohol dependence	2.28e-05	0.000204	CbGpPWpGaD
Succinylcholine—CHRM2—Signaling Pathways—HTR1B—alcohol dependence	2.26e-05	0.000202	CbGpPWpGaD
Succinylcholine—CHRM2—Signaling Pathways—CRH—alcohol dependence	2.26e-05	0.000202	CbGpPWpGaD
Succinylcholine—CHRM1—Signaling by GPCR—HTR2A—alcohol dependence	2.21e-05	0.000198	CbGpPWpGaD
Succinylcholine—CHRM3—Signaling by GPCR—HTR2A—alcohol dependence	2.2e-05	0.000197	CbGpPWpGaD
Succinylcholine—CHRM2—Signaling by GPCR—HTR2A—alcohol dependence	2.18e-05	0.000195	CbGpPWpGaD
Succinylcholine—CHRM3—Metabolism—GOT1—alcohol dependence	2.13e-05	0.000191	CbGpPWpGaD
Succinylcholine—CHRM3—Metabolism—GGT1—alcohol dependence	2.13e-05	0.000191	CbGpPWpGaD
Succinylcholine—CHRM1—Signaling Pathways—DRD4—alcohol dependence	2e-05	0.000179	CbGpPWpGaD
Succinylcholine—CHRM3—Signaling Pathways—DRD4—alcohol dependence	1.99e-05	0.000179	CbGpPWpGaD
Succinylcholine—CHRM2—Signaling Pathways—DRD4—alcohol dependence	1.97e-05	0.000177	CbGpPWpGaD
Succinylcholine—CHRM1—GPCR downstream signaling—POMC—alcohol dependence	1.94e-05	0.000174	CbGpPWpGaD
Succinylcholine—CHRM3—GPCR downstream signaling—POMC—alcohol dependence	1.94e-05	0.000174	CbGpPWpGaD
Succinylcholine—CHRM2—GPCR downstream signaling—POMC—alcohol dependence	1.92e-05	0.000172	CbGpPWpGaD
Succinylcholine—CHRM1—Signaling Pathways—CNR1—alcohol dependence	1.91e-05	0.000171	CbGpPWpGaD
Succinylcholine—CHRM3—Metabolism—MAOA—alcohol dependence	1.91e-05	0.000171	CbGpPWpGaD
Succinylcholine—CHRM3—Signaling Pathways—CNR1—alcohol dependence	1.9e-05	0.000171	CbGpPWpGaD
Succinylcholine—CHRM2—Signaling Pathways—CNR1—alcohol dependence	1.88e-05	0.000169	CbGpPWpGaD
Succinylcholine—CHRM1—Signaling Pathways—DRD2—alcohol dependence	1.86e-05	0.000167	CbGpPWpGaD
Succinylcholine—CHRM1—Signaling Pathways—HTR7—alcohol dependence	1.86e-05	0.000167	CbGpPWpGaD
Succinylcholine—CHRM3—Signaling Pathways—DRD2—alcohol dependence	1.86e-05	0.000166	CbGpPWpGaD
Succinylcholine—CHRM3—Signaling Pathways—HTR7—alcohol dependence	1.86e-05	0.000166	CbGpPWpGaD
Succinylcholine—CHRM2—Signaling Pathways—DRD2—alcohol dependence	1.84e-05	0.000165	CbGpPWpGaD
Succinylcholine—CHRM2—Signaling Pathways—HTR7—alcohol dependence	1.84e-05	0.000165	CbGpPWpGaD
Succinylcholine—CHRM1—Signaling by GPCR—POMC—alcohol dependence	1.76e-05	0.000158	CbGpPWpGaD
Succinylcholine—CHRM3—Signaling by GPCR—POMC—alcohol dependence	1.76e-05	0.000158	CbGpPWpGaD
Succinylcholine—CHRM2—Signaling by GPCR—POMC—alcohol dependence	1.74e-05	0.000156	CbGpPWpGaD
Succinylcholine—BCHE—Metabolism—POMC—alcohol dependence	1.62e-05	0.000145	CbGpPWpGaD
Succinylcholine—CHRM1—Signaling Pathways—AVP—alcohol dependence	1.57e-05	0.000141	CbGpPWpGaD
Succinylcholine—CHRM3—Signaling Pathways—AVP—alcohol dependence	1.56e-05	0.00014	CbGpPWpGaD
Succinylcholine—CHRM2—Signaling Pathways—AVP—alcohol dependence	1.55e-05	0.000139	CbGpPWpGaD
Succinylcholine—CHRM1—Signaling Pathways—HTR2A—alcohol dependence	1.3e-05	0.000117	CbGpPWpGaD
Succinylcholine—CHRM3—Signaling Pathways—HTR2A—alcohol dependence	1.3e-05	0.000117	CbGpPWpGaD
Succinylcholine—CHRM2—Signaling Pathways—HTR2A—alcohol dependence	1.29e-05	0.000115	CbGpPWpGaD
Succinylcholine—CHRM3—Metabolism—POMC—alcohol dependence	1.24e-05	0.000111	CbGpPWpGaD
Succinylcholine—BCHE—Metabolism—EP300—alcohol dependence	1.07e-05	9.61e-05	CbGpPWpGaD
Succinylcholine—CHRM1—Signaling Pathways—POMC—alcohol dependence	1.04e-05	9.34e-05	CbGpPWpGaD
Succinylcholine—CHRM3—Signaling Pathways—POMC—alcohol dependence	1.04e-05	9.31e-05	CbGpPWpGaD
Succinylcholine—CHRM2—Signaling Pathways—POMC—alcohol dependence	1.03e-05	9.22e-05	CbGpPWpGaD
Succinylcholine—CHRM3—Metabolism—EP300—alcohol dependence	8.24e-06	7.39e-05	CbGpPWpGaD
Succinylcholine—CHRM1—Signaling Pathways—EP300—alcohol dependence	6.91e-06	6.2e-05	CbGpPWpGaD
Succinylcholine—CHRM3—Signaling Pathways—EP300—alcohol dependence	6.89e-06	6.18e-05	CbGpPWpGaD
Succinylcholine—CHRM2—Signaling Pathways—EP300—alcohol dependence	6.82e-06	6.12e-05	CbGpPWpGaD
