nodes	percent_of_prediction	percent_of_DWPC	metapath
Suramin—P2RX4—peripheral nervous system—type 1 diabetes mellitus	0.0489	0.122	CbGeAlD
Suramin—P2RX4—nerve—type 1 diabetes mellitus	0.0381	0.0954	CbGeAlD
Suramin—SIRT1—nerve—type 1 diabetes mellitus	0.0334	0.0836	CbGeAlD
Suramin—P2RY2—cardiovascular system—type 1 diabetes mellitus	0.0229	0.0572	CbGeAlD
Suramin—P2RY2—kidney—type 1 diabetes mellitus	0.0224	0.056	CbGeAlD
Suramin—P2RX4—islet of Langerhans—type 1 diabetes mellitus	0.0185	0.0462	CbGeAlD
Suramin—SIRT1—islet of Langerhans—type 1 diabetes mellitus	0.0162	0.0405	CbGeAlD
Suramin—PLA2G4A—Enalapril—Ramipril—type 1 diabetes mellitus	0.0153	1	CbGdCrCtD
Suramin—P2RX4—nephron tubule—type 1 diabetes mellitus	0.0149	0.0372	CbGeAlD
Suramin—SIRT5—cardiovascular system—type 1 diabetes mellitus	0.0141	0.0353	CbGeAlD
Suramin—SIRT5—kidney—type 1 diabetes mellitus	0.0138	0.0346	CbGeAlD
Suramin—P2RX4—kidney—type 1 diabetes mellitus	0.0131	0.0327	CbGeAlD
Suramin—SIRT1—nephron tubule—type 1 diabetes mellitus	0.013	0.0326	CbGeAlD
Suramin—SIRT1—cardiovascular system—type 1 diabetes mellitus	0.0117	0.0293	CbGeAlD
Suramin—SIRT1—kidney—type 1 diabetes mellitus	0.0114	0.0287	CbGeAlD
Suramin—SIRT1—pancreas—type 1 diabetes mellitus	0.0114	0.0285	CbGeAlD
Suramin—ARSA—kidney—type 1 diabetes mellitus	0.0113	0.0283	CbGeAlD
Suramin—RYR1—cardiovascular system—type 1 diabetes mellitus	0.0108	0.0271	CbGeAlD
Suramin—SIRT1—lymphoid tissue—type 1 diabetes mellitus	0.00983	0.0246	CbGeAlD
Suramin—ARSA—lymphoid tissue—type 1 diabetes mellitus	0.00971	0.0243	CbGeAlD
Suramin—PLA2G2A—cardiovascular system—type 1 diabetes mellitus	0.00819	0.0205	CbGeAlD
Suramin—PLA2G2A—kidney—type 1 diabetes mellitus	0.00802	0.0201	CbGeAlD
Suramin—PLA2G2A—pancreas—type 1 diabetes mellitus	0.00796	0.0199	CbGeAlD
Suramin—PLA2G2A—lymphoid tissue—type 1 diabetes mellitus	0.00689	0.0172	CbGeAlD
Suramin—F2—cardiovascular system—type 1 diabetes mellitus	0.00619	0.0155	CbGeAlD
Suramin—F2—kidney—type 1 diabetes mellitus	0.00605	0.0151	CbGeAlD
Suramin—PLA2G4A—cardiovascular system—type 1 diabetes mellitus	0.0057	0.0143	CbGeAlD
Suramin—F2—lymphoid tissue—type 1 diabetes mellitus	0.0052	0.013	CbGeAlD
Suramin—F2—Hemostasis—SH2B3—type 1 diabetes mellitus	0.000373	0.000637	CbGpPWpGaD
Suramin—FSHR—Signaling Pathways—SST—type 1 diabetes mellitus	0.000372	0.000637	CbGpPWpGaD
Suramin—FSHR—Signaling Pathways—ADRB1—type 1 diabetes mellitus	0.000371	0.000634	CbGpPWpGaD
Suramin—PLA2G2A—Metabolism—KCNJ11—type 1 diabetes mellitus	0.000369	0.000631	CbGpPWpGaD
Suramin—PLA2G4A—Platelet activation, signaling and aggregation—IL2RA—type 1 diabetes mellitus	0.000366	0.000626	CbGpPWpGaD
Suramin—PLA2G4A—Integrated Pancreatic Cancer Pathway—CDK4—type 1 diabetes mellitus	0.000364	0.000623	CbGpPWpGaD
Suramin—F2—GPCR ligand binding—SST—type 1 diabetes mellitus	0.000364	0.000621	CbGpPWpGaD
Suramin—F2—Folate Metabolism—IL6—type 1 diabetes mellitus	0.000363	0.00062	CbGpPWpGaD
Suramin—PLA2G4A—Hemostasis—ITPR3—type 1 diabetes mellitus	0.000362	0.000619	CbGpPWpGaD
Suramin—F2—GPCR ligand binding—ADRB1—type 1 diabetes mellitus	0.000362	0.000619	CbGpPWpGaD
Suramin—F2—Selenium Micronutrient Network—TNF—type 1 diabetes mellitus	0.000357	0.000611	CbGpPWpGaD
Suramin—ARSA—Metabolism—GCG—type 1 diabetes mellitus	0.000354	0.000605	CbGpPWpGaD
Suramin—P2RY2—Signaling Pathways—GCG—type 1 diabetes mellitus	0.000344	0.000587	CbGpPWpGaD
Suramin—PLA2G4A—Hemostasis—SH2B3—type 1 diabetes mellitus	0.000341	0.000582	CbGpPWpGaD
Suramin—F2—Metabolism of proteins—IGFBP1—type 1 diabetes mellitus	0.000337	0.000577	CbGpPWpGaD
Suramin—SIRT1—Gene Expression—VDR—type 1 diabetes mellitus	0.000335	0.000573	CbGpPWpGaD
Suramin—FSHR—Signaling Pathways—GCG—type 1 diabetes mellitus	0.000332	0.000567	CbGpPWpGaD
Suramin—P2RY2—Signaling Pathways—PRKCQ—type 1 diabetes mellitus	0.000331	0.000566	CbGpPWpGaD
Suramin—F2—GPCR ligand binding—GCG—type 1 diabetes mellitus	0.000324	0.000554	CbGpPWpGaD
Suramin—SIRT1—Cellular responses to stress—IL6—type 1 diabetes mellitus	0.000323	0.000553	CbGpPWpGaD
Suramin—P2RY2—Signaling Pathways—VAV1—type 1 diabetes mellitus	0.000321	0.000549	CbGpPWpGaD
Suramin—P2RY2—Signaling Pathways—CXCL10—type 1 diabetes mellitus	0.00032	0.000548	CbGpPWpGaD
Suramin—FSHR—Signaling Pathways—PRKCQ—type 1 diabetes mellitus	0.00032	0.000546	CbGpPWpGaD
Suramin—PLA2G4A—Integrated Pancreatic Cancer Pathway—IGF1—type 1 diabetes mellitus	0.000314	0.000537	CbGpPWpGaD
Suramin—PLA2G2A—Metabolism—ITPR3—type 1 diabetes mellitus	0.000312	0.000532	CbGpPWpGaD
Suramin—FSHR—Signaling Pathways—VAV1—type 1 diabetes mellitus	0.00031	0.00053	CbGpPWpGaD
Suramin—FSHR—Signaling Pathways—CXCL10—type 1 diabetes mellitus	0.00031	0.000529	CbGpPWpGaD
Suramin—PLA2G4A—Metabolism of lipids and lipoproteins—APOC3—type 1 diabetes mellitus	0.000308	0.000527	CbGpPWpGaD
Suramin—F2—Class A/1 (Rhodopsin-like receptors)—CCR5—type 1 diabetes mellitus	0.000308	0.000526	CbGpPWpGaD
Suramin—F2—Platelet activation, signaling and aggregation—IGF1—type 1 diabetes mellitus	0.000306	0.000522	CbGpPWpGaD
Suramin—F2—GPCR ligand binding—CXCL10—type 1 diabetes mellitus	0.000302	0.000516	CbGpPWpGaD
Suramin—F2—GPCR downstream signaling—GAL—type 1 diabetes mellitus	0.0003	0.000512	CbGpPWpGaD
Suramin—ARSA—Metabolism—CAT—type 1 diabetes mellitus	0.0003	0.000512	CbGpPWpGaD
Suramin—F2—Hemostasis—NOS1—type 1 diabetes mellitus	0.000298	0.000509	CbGpPWpGaD
Suramin—F2—GPCR downstream signaling—CCL20—type 1 diabetes mellitus	0.000296	0.000507	CbGpPWpGaD
Suramin—PLA2G2A—Metabolism—HBA1—type 1 diabetes mellitus	0.000293	0.000501	CbGpPWpGaD
Suramin—P2RY2—Signaling by GPCR—TYK2—type 1 diabetes mellitus	0.000292	0.000499	CbGpPWpGaD
Suramin—PLA2G2A—Metabolism—APOC3—type 1 diabetes mellitus	0.000291	0.000498	CbGpPWpGaD
Suramin—P2RY2—Signaling Pathways—IGF2—type 1 diabetes mellitus	0.000291	0.000497	CbGpPWpGaD
Suramin—F2—Platelet activation, signaling and aggregation—ALB—type 1 diabetes mellitus	0.00029	0.000495	CbGpPWpGaD
Suramin—F2—Gastrin-CREB signalling pathway via PKC and MAPK—TYK2—type 1 diabetes mellitus	0.000288	0.000493	CbGpPWpGaD
Suramin—F2—Selenium Micronutrient Network—IL6—type 1 diabetes mellitus	0.000288	0.000493	CbGpPWpGaD
Suramin—PLA2G2A—Metabolism—GSTT1—type 1 diabetes mellitus	0.000286	0.000489	CbGpPWpGaD
Suramin—PLA2G4A—PDGFR-beta signaling pathway—STAT3—type 1 diabetes mellitus	0.000285	0.000487	CbGpPWpGaD
Suramin—FSHR—Signaling by GPCR—TYK2—type 1 diabetes mellitus	0.000282	0.000482	CbGpPWpGaD
Suramin—FSHR—Signaling Pathways—IGF2—type 1 diabetes mellitus	0.000281	0.00048	CbGpPWpGaD
Suramin—P2RY2—Signaling Pathways—CD86—type 1 diabetes mellitus	0.00028	0.000479	CbGpPWpGaD
Suramin—PLA2G4A—Platelet activation, signaling and aggregation—IGF1—type 1 diabetes mellitus	0.000279	0.000478	CbGpPWpGaD
Suramin—F2—Hemostasis—PRKCQ—type 1 diabetes mellitus	0.000279	0.000477	CbGpPWpGaD
Suramin—F2—GPCR downstream signaling—CHRM2—type 1 diabetes mellitus	0.000279	0.000476	CbGpPWpGaD
Suramin—PLA2G4A—Hemostasis—NOS1—type 1 diabetes mellitus	0.000272	0.000466	CbGpPWpGaD
Suramin—F2—Signaling by GPCR—GAL—type 1 diabetes mellitus	0.000272	0.000465	CbGpPWpGaD
Suramin—F2—Hemostasis—VAV1—type 1 diabetes mellitus	0.000271	0.000463	CbGpPWpGaD
Suramin—FSHR—Signaling Pathways—CD86—type 1 diabetes mellitus	0.000271	0.000463	CbGpPWpGaD
Suramin—PLA2G4A—Metabolism—HBA2—type 1 diabetes mellitus	0.00027	0.000461	CbGpPWpGaD
Suramin—F2—Signaling by GPCR—CCL11—type 1 diabetes mellitus	0.000269	0.00046	CbGpPWpGaD
Suramin—F2—Signaling by GPCR—CCL20—type 1 diabetes mellitus	0.000269	0.00046	CbGpPWpGaD
Suramin—P2RY2—GPCR downstream signaling—IL2—type 1 diabetes mellitus	0.000268	0.000457	CbGpPWpGaD
Suramin—P2RY2—Signaling Pathways—E2F1—type 1 diabetes mellitus	0.000266	0.000454	CbGpPWpGaD
Suramin—PLA2G4A—Platelet activation, signaling and aggregation—ALB—type 1 diabetes mellitus	0.000265	0.000453	CbGpPWpGaD
Suramin—PLA2G2A—Metabolism of lipids and lipoproteins—ALB—type 1 diabetes mellitus	0.000264	0.000451	CbGpPWpGaD
Suramin—FSHR—GPCR downstream signaling—IL2—type 1 diabetes mellitus	0.000259	0.000442	CbGpPWpGaD
Suramin—FSHR—Signaling Pathways—E2F1—type 1 diabetes mellitus	0.000257	0.000439	CbGpPWpGaD
Suramin—PLA2G4A—Hemostasis—PRKCQ—type 1 diabetes mellitus	0.000255	0.000436	CbGpPWpGaD
Suramin—PLA2G4A—Metabolism—G6PC2—type 1 diabetes mellitus	0.000254	0.000434	CbGpPWpGaD
Suramin—F2—Signaling by GPCR—CHRM2—type 1 diabetes mellitus	0.000253	0.000432	CbGpPWpGaD
Suramin—P2RY2—Signaling Pathways—ERBB3—type 1 diabetes mellitus	0.000253	0.000432	CbGpPWpGaD
Suramin—F2—GPCR downstream signaling—ITPR3—type 1 diabetes mellitus	0.00025	0.000428	CbGpPWpGaD
Suramin—PLA2G4A—Signaling by GPCR—GAL—type 1 diabetes mellitus	0.000249	0.000425	CbGpPWpGaD
Suramin—P2RY2—Signaling Pathways—CCR5—type 1 diabetes mellitus	0.000249	0.000425	CbGpPWpGaD
Suramin—PLA2G4A—Hemostasis—VAV1—type 1 diabetes mellitus	0.000248	0.000423	CbGpPWpGaD
Suramin—PLA2G4A—Signaling by GPCR—CCL20—type 1 diabetes mellitus	0.000246	0.000421	CbGpPWpGaD
Suramin—PLA2G4A—Signaling by GPCR—CCL11—type 1 diabetes mellitus	0.000246	0.000421	CbGpPWpGaD
Suramin—F2—Regulation of Actin Cytoskeleton—EGFR—type 1 diabetes mellitus	0.000246	0.000421	CbGpPWpGaD
Suramin—F2—Hemostasis—IGF2—type 1 diabetes mellitus	0.000245	0.000419	CbGpPWpGaD
Suramin—P2RY2—Signaling Pathways—IL2RA—type 1 diabetes mellitus	0.000245	0.000419	CbGpPWpGaD
Suramin—FSHR—Signaling Pathways—ERBB3—type 1 diabetes mellitus	0.000244	0.000417	CbGpPWpGaD
Suramin—P2RY2—Signaling by GPCR—IL2—type 1 diabetes mellitus	0.000243	0.000415	CbGpPWpGaD
Suramin—PLA2G4A—Integrated Pancreatic Cancer Pathway—CASP3—type 1 diabetes mellitus	0.000242	0.000413	CbGpPWpGaD
Suramin—F2—Metabolism of proteins—ACE—type 1 diabetes mellitus	0.000241	0.000412	CbGpPWpGaD
Suramin—FSHR—Signaling Pathways—CCR5—type 1 diabetes mellitus	0.00024	0.00041	CbGpPWpGaD
Suramin—FSHR—Signaling Pathways—IL2RA—type 1 diabetes mellitus	0.000237	0.000404	CbGpPWpGaD
Suramin—F2—Platelet activation, signaling and aggregation—IL2—type 1 diabetes mellitus	0.000235	0.000401	CbGpPWpGaD
Suramin—FSHR—Signaling by GPCR—IL2—type 1 diabetes mellitus	0.000235	0.000401	CbGpPWpGaD
Suramin—F2—GPCR ligand binding—CCR5—type 1 diabetes mellitus	0.000234	0.0004	CbGpPWpGaD
Suramin—F2—GPCR downstream signaling—IAPP—type 1 diabetes mellitus	0.000234	0.0004	CbGpPWpGaD
Suramin—PLA2G4A—Signaling by GPCR—CHRM2—type 1 diabetes mellitus	0.000231	0.000396	CbGpPWpGaD
Suramin—PLA2G2A—Metabolism—GCG—type 1 diabetes mellitus	0.000228	0.00039	CbGpPWpGaD
Suramin—F2—Metabolism of proteins—GCG—type 1 diabetes mellitus	0.000228	0.00039	CbGpPWpGaD
Suramin—F2—Signaling by GPCR—ITPR3—type 1 diabetes mellitus	0.000227	0.000388	CbGpPWpGaD
Suramin—PLA2G4A—Hemostasis—IGF2—type 1 diabetes mellitus	0.000224	0.000383	CbGpPWpGaD
Suramin—PLA2G4A—Metabolism—ABCC8—type 1 diabetes mellitus	0.00022	0.000376	CbGpPWpGaD
Suramin—PLA2G4A—Platelet activation, signaling and aggregation—IL2—type 1 diabetes mellitus	0.000215	0.000367	CbGpPWpGaD
Suramin—F2—Signaling by GPCR—IAPP—type 1 diabetes mellitus	0.000212	0.000363	CbGpPWpGaD
Suramin—PLA2G4A—Signaling by GPCR—ITPR3—type 1 diabetes mellitus	0.000208	0.000355	CbGpPWpGaD
Suramin—F2—Hemostasis—IL2RA—type 1 diabetes mellitus	0.000206	0.000353	CbGpPWpGaD
Suramin—F2—GPCR downstream signaling—SST—type 1 diabetes mellitus	0.000205	0.000351	CbGpPWpGaD
Suramin—F2—GPCR downstream signaling—ADRB1—type 1 diabetes mellitus	0.000205	0.00035	CbGpPWpGaD
Suramin—P2RY2—Signaling Pathways—CD80—type 1 diabetes mellitus	0.000204	0.000349	CbGpPWpGaD
Suramin—ARSA—Metabolism—INS—type 1 diabetes mellitus	0.000199	0.00034	CbGpPWpGaD
Suramin—FSHR—Signaling Pathways—CD80—type 1 diabetes mellitus	0.000197	0.000337	CbGpPWpGaD
Suramin—PLA2G4A—Signaling by GPCR—IAPP—type 1 diabetes mellitus	0.000194	0.000332	CbGpPWpGaD
Suramin—P2RY2—Signaling Pathways—INS—type 1 diabetes mellitus	0.000193	0.00033	CbGpPWpGaD
Suramin—PLA2G2A—Metabolism—CAT—type 1 diabetes mellitus	0.000193	0.00033	CbGpPWpGaD
Suramin—F2—Metabolism of proteins—IGF2—type 1 diabetes mellitus	0.000193	0.00033	CbGpPWpGaD
Suramin—PLA2G4A—Hemostasis—IL2RA—type 1 diabetes mellitus	0.000189	0.000323	CbGpPWpGaD
Suramin—P2RY2—Signaling Pathways—IGF1—type 1 diabetes mellitus	0.000187	0.000319	CbGpPWpGaD
Suramin—F2—Signaling by GPCR—SST—type 1 diabetes mellitus	0.000187	0.000319	CbGpPWpGaD
Suramin—FSHR—Signaling Pathways—INS—type 1 diabetes mellitus	0.000187	0.000319	CbGpPWpGaD
Suramin—P2RY2—Signaling by GPCR—EGFR—type 1 diabetes mellitus	0.000186	0.000318	CbGpPWpGaD
Suramin—F2—Signaling by GPCR—ADRB1—type 1 diabetes mellitus	0.000186	0.000317	CbGpPWpGaD
Suramin—PLA2G4A—Integrated Pancreatic Cancer Pathway—EGFR—type 1 diabetes mellitus	0.000185	0.000315	CbGpPWpGaD
Suramin—F2—Gastrin-CREB signalling pathway via PKC and MAPK—EGFR—type 1 diabetes mellitus	0.000184	0.000314	CbGpPWpGaD
Suramin—F2—GPCR downstream signaling—GCG—type 1 diabetes mellitus	0.000183	0.000313	CbGpPWpGaD
Suramin—ARSA—Metabolism—ALB—type 1 diabetes mellitus	0.000182	0.000312	CbGpPWpGaD
Suramin—FSHR—Signaling Pathways—IGF1—type 1 diabetes mellitus	0.00018	0.000308	CbGpPWpGaD
Suramin—FSHR—Signaling by GPCR—EGFR—type 1 diabetes mellitus	0.00018	0.000307	CbGpPWpGaD
Suramin—F2—Hemostasis—NOS2—type 1 diabetes mellitus	0.000178	0.000304	CbGpPWpGaD
Suramin—F2—GPCR downstream signaling—PRKCQ—type 1 diabetes mellitus	0.000176	0.000301	CbGpPWpGaD
Suramin—PLA2G4A—Integrated Pancreatic Cancer Pathway—TNF—type 1 diabetes mellitus	0.000176	0.0003	CbGpPWpGaD
Suramin—ARSA—Metabolism—NOS3—type 1 diabetes mellitus	0.000174	0.000298	CbGpPWpGaD
Suramin—PLA2G4A—Metabolism—KCNJ11—type 1 diabetes mellitus	0.000174	0.000297	CbGpPWpGaD
Suramin—P2RY2—Signaling Pathways—TYK2—type 1 diabetes mellitus	0.000173	0.000295	CbGpPWpGaD
Suramin—F2—GPCR downstream signaling—VAV1—type 1 diabetes mellitus	0.000171	0.000293	CbGpPWpGaD
Suramin—F2—GPCR downstream signaling—CXCL10—type 1 diabetes mellitus	0.000171	0.000292	CbGpPWpGaD
Suramin—PLA2G4A—Signaling by GPCR—SST—type 1 diabetes mellitus	0.000171	0.000292	CbGpPWpGaD
Suramin—PLA2G4A—Signaling by GPCR—ADRB1—type 1 diabetes mellitus	0.00017	0.00029	CbGpPWpGaD
Suramin—P2RY2—Signaling Pathways—NOS3—type 1 diabetes mellitus	0.000169	0.000289	CbGpPWpGaD
Suramin—FSHR—Signaling Pathways—TYK2—type 1 diabetes mellitus	0.000167	0.000285	CbGpPWpGaD
Suramin—F2—Signaling by GPCR—GCG—type 1 diabetes mellitus	0.000166	0.000284	CbGpPWpGaD
Suramin—FSHR—Signaling Pathways—NOS3—type 1 diabetes mellitus	0.000164	0.00028	CbGpPWpGaD
Suramin—PLA2G4A—Hemostasis—NOS2—type 1 diabetes mellitus	0.000162	0.000278	CbGpPWpGaD
Suramin—F2—Signaling Pathways—GAL—type 1 diabetes mellitus	0.000161	0.000275	CbGpPWpGaD
Suramin—F2—Signaling by GPCR—PRKCQ—type 1 diabetes mellitus	0.00016	0.000274	CbGpPWpGaD
Suramin—F2—Signaling Pathways—CCL11—type 1 diabetes mellitus	0.000159	0.000272	CbGpPWpGaD
Suramin—F2—Signaling Pathways—CCL20—type 1 diabetes mellitus	0.000159	0.000272	CbGpPWpGaD
Suramin—F2—Hemostasis—IGF1—type 1 diabetes mellitus	0.000157	0.000269	CbGpPWpGaD
Suramin—F2—Signaling by GPCR—VAV1—type 1 diabetes mellitus	0.000155	0.000266	CbGpPWpGaD
Suramin—F2—Signaling by GPCR—CXCL10—type 1 diabetes mellitus	0.000155	0.000265	CbGpPWpGaD
Suramin—PLA2G4A—Signaling by GPCR—GCG—type 1 diabetes mellitus	0.000152	0.00026	CbGpPWpGaD
Suramin—F2—Signaling Pathways—CHRM2—type 1 diabetes mellitus	0.000149	0.000255	CbGpPWpGaD
Suramin—F2—Hemostasis—ALB—type 1 diabetes mellitus	0.000149	0.000255	CbGpPWpGaD
Suramin—PLA2G4A—Signaling Pathways—GAL—type 1 diabetes mellitus	0.000147	0.000251	CbGpPWpGaD
Suramin—PLA2G4A—Metabolism—ITPR3—type 1 diabetes mellitus	0.000147	0.000251	CbGpPWpGaD
Suramin—PLA2G4A—Signaling by GPCR—PRKCQ—type 1 diabetes mellitus	0.000146	0.00025	CbGpPWpGaD
Suramin—PLA2G4A—Signaling Pathways—CCL11—type 1 diabetes mellitus	0.000145	0.000249	CbGpPWpGaD
Suramin—PLA2G4A—Signaling Pathways—CCL20—type 1 diabetes mellitus	0.000145	0.000249	CbGpPWpGaD
Suramin—PLA2G4A—Hemostasis—IGF1—type 1 diabetes mellitus	0.000144	0.000246	CbGpPWpGaD
Suramin—P2RY2—Signaling Pathways—CASP3—type 1 diabetes mellitus	0.000144	0.000246	CbGpPWpGaD
Suramin—P2RY2—Signaling Pathways—IL2—type 1 diabetes mellitus	0.000144	0.000245	CbGpPWpGaD
Suramin—P2RY2—Signaling by GPCR—IL6—type 1 diabetes mellitus	0.000143	0.000244	CbGpPWpGaD
Suramin—F2—Hemostasis—NOS3—type 1 diabetes mellitus	0.000143	0.000244	CbGpPWpGaD
Suramin—PLA2G4A—Signaling by GPCR—VAV1—type 1 diabetes mellitus	0.000142	0.000243	CbGpPWpGaD
Suramin—PLA2G4A—Signaling by GPCR—CXCL10—type 1 diabetes mellitus	0.000142	0.000242	CbGpPWpGaD
Suramin—F2—Gastrin-CREB signalling pathway via PKC and MAPK—IL6—type 1 diabetes mellitus	0.000141	0.000241	CbGpPWpGaD
Suramin—FSHR—Signaling Pathways—CASP3—type 1 diabetes mellitus	0.000139	0.000237	CbGpPWpGaD
Suramin—FSHR—Signaling Pathways—IL2—type 1 diabetes mellitus	0.000139	0.000237	CbGpPWpGaD
Suramin—PLA2G4A—Metabolism—HBA1—type 1 diabetes mellitus	0.000138	0.000236	CbGpPWpGaD
Suramin—FSHR—Signaling by GPCR—IL6—type 1 diabetes mellitus	0.000138	0.000236	CbGpPWpGaD
Suramin—PLA2G4A—Metabolism—APOC3—type 1 diabetes mellitus	0.000137	0.000235	CbGpPWpGaD
Suramin—PLA2G4A—Signaling Pathways—CHRM2—type 1 diabetes mellitus	0.000137	0.000234	CbGpPWpGaD
Suramin—PLA2G4A—Hemostasis—ALB—type 1 diabetes mellitus	0.000137	0.000233	CbGpPWpGaD
Suramin—PLA2G4A—Metabolism—GSTT1—type 1 diabetes mellitus	0.000135	0.00023	CbGpPWpGaD
Suramin—F2—Signaling Pathways—ITPR3—type 1 diabetes mellitus	0.000134	0.000229	CbGpPWpGaD
Suramin—F2—GPCR downstream signaling—CCR5—type 1 diabetes mellitus	0.000132	0.000226	CbGpPWpGaD
Suramin—PLA2G4A—Hemostasis—NOS3—type 1 diabetes mellitus	0.000131	0.000223	CbGpPWpGaD
Suramin—F2—GPCR downstream signaling—IL2RA—type 1 diabetes mellitus	0.00013	0.000223	CbGpPWpGaD
Suramin—PLA2G2A—Metabolism—INS—type 1 diabetes mellitus	0.000128	0.000219	CbGpPWpGaD
Suramin—F2—Metabolism of proteins—INS—type 1 diabetes mellitus	0.000128	0.000219	CbGpPWpGaD
Suramin—F2—Signaling Pathways—SH2B3—type 1 diabetes mellitus	0.000126	0.000216	CbGpPWpGaD
Suramin—F2—Signaling Pathways—IAPP—type 1 diabetes mellitus	0.000126	0.000215	CbGpPWpGaD
Suramin—F2—Signaling Pathways—APOC3—type 1 diabetes mellitus	0.000126	0.000215	CbGpPWpGaD
Suramin—PLA2G4A—Metabolism of lipids and lipoproteins—ALB—type 1 diabetes mellitus	0.000124	0.000212	CbGpPWpGaD
Suramin—F2—Metabolism of proteins—IGF1—type 1 diabetes mellitus	0.000124	0.000212	CbGpPWpGaD
Suramin—PLA2G4A—Signaling Pathways—ITPR3—type 1 diabetes mellitus	0.000123	0.00021	CbGpPWpGaD
Suramin—F2—Hemostasis—IL2—type 1 diabetes mellitus	0.000121	0.000207	CbGpPWpGaD
Suramin—P2RY2—Signaling Pathways—STAT3—type 1 diabetes mellitus	0.000121	0.000207	CbGpPWpGaD
Suramin—F2—Signaling by GPCR—CCR5—type 1 diabetes mellitus	0.00012	0.000205	CbGpPWpGaD
Suramin—F2—Signaling by GPCR—IL2RA—type 1 diabetes mellitus	0.000118	0.000202	CbGpPWpGaD
Suramin—PLA2G2A—Metabolism—ALB—type 1 diabetes mellitus	0.000117	0.000201	CbGpPWpGaD
Suramin—FSHR—Signaling Pathways—STAT3—type 1 diabetes mellitus	0.000117	0.000199	CbGpPWpGaD
Suramin—PLA2G4A—Signaling Pathways—SH2B3—type 1 diabetes mellitus	0.000116	0.000197	CbGpPWpGaD
Suramin—PLA2G4A—Signaling Pathways—IAPP—type 1 diabetes mellitus	0.000115	0.000196	CbGpPWpGaD
Suramin—PLA2G4A—Signaling Pathways—APOC3—type 1 diabetes mellitus	0.000115	0.000196	CbGpPWpGaD
Suramin—PLA2G2A—Metabolism—NOS3—type 1 diabetes mellitus	0.000112	0.000192	CbGpPWpGaD
Suramin—PLA2G4A—Hemostasis—IL2—type 1 diabetes mellitus	0.000111	0.000189	CbGpPWpGaD
Suramin—F2—Signaling Pathways—SST—type 1 diabetes mellitus	0.00011	0.000188	CbGpPWpGaD
Suramin—PLA2G4A—Signaling by GPCR—CCR5—type 1 diabetes mellitus	0.00011	0.000188	CbGpPWpGaD
Suramin—P2RY2—Signaling Pathways—EGFR—type 1 diabetes mellitus	0.00011	0.000188	CbGpPWpGaD
Suramin—F2—Signaling Pathways—ADRB1—type 1 diabetes mellitus	0.00011	0.000188	CbGpPWpGaD
Suramin—PLA2G4A—Signaling by GPCR—IL2RA—type 1 diabetes mellitus	0.000108	0.000185	CbGpPWpGaD
Suramin—PLA2G4A—Metabolism—GCG—type 1 diabetes mellitus	0.000107	0.000184	CbGpPWpGaD
Suramin—FSHR—Signaling Pathways—EGFR—type 1 diabetes mellitus	0.000106	0.000181	CbGpPWpGaD
Suramin—PLA2G4A—Signaling Pathways—SST—type 1 diabetes mellitus	0.000101	0.000172	CbGpPWpGaD
Suramin—PLA2G4A—Signaling Pathways—ADRB1—type 1 diabetes mellitus	0.0001	0.000172	CbGpPWpGaD
Suramin—F2—Signaling Pathways—GCG—type 1 diabetes mellitus	9.82e-05	0.000168	CbGpPWpGaD
Suramin—F2—Signaling Pathways—PRKCQ—type 1 diabetes mellitus	9.46e-05	0.000162	CbGpPWpGaD
Suramin—F2—Signaling Pathways—VAV1—type 1 diabetes mellitus	9.18e-05	0.000157	CbGpPWpGaD
Suramin—F2—Signaling Pathways—CXCL10—type 1 diabetes mellitus	9.16e-05	0.000157	CbGpPWpGaD
Suramin—PLA2G4A—Metabolism—CAT—type 1 diabetes mellitus	9.1e-05	0.000155	CbGpPWpGaD
Suramin—PLA2G4A—Signaling Pathways—GCG—type 1 diabetes mellitus	8.98e-05	0.000154	CbGpPWpGaD
Suramin—PLA2G4A—Signaling Pathways—PRKCQ—type 1 diabetes mellitus	8.65e-05	0.000148	CbGpPWpGaD
Suramin—P2RY2—Signaling Pathways—IL6—type 1 diabetes mellitus	8.44e-05	0.000144	CbGpPWpGaD
Suramin—PLA2G4A—Signaling Pathways—VAV1—type 1 diabetes mellitus	8.4e-05	0.000144	CbGpPWpGaD
Suramin—PLA2G4A—Signaling Pathways—CXCL10—type 1 diabetes mellitus	8.38e-05	0.000143	CbGpPWpGaD
Suramin—F2—Signaling by GPCR—TYK2—type 1 diabetes mellitus	8.35e-05	0.000143	CbGpPWpGaD
Suramin—F2—Signaling Pathways—IGF2—type 1 diabetes mellitus	8.32e-05	0.000142	CbGpPWpGaD
Suramin—FSHR—Signaling Pathways—IL6—type 1 diabetes mellitus	8.15e-05	0.000139	CbGpPWpGaD
Suramin—F2—Signaling Pathways—CD86—type 1 diabetes mellitus	8.01e-05	0.000137	CbGpPWpGaD
Suramin—F2—GPCR downstream signaling—IL2—type 1 diabetes mellitus	7.65e-05	0.000131	CbGpPWpGaD
Suramin—PLA2G4A—Signaling by GPCR—TYK2—type 1 diabetes mellitus	7.63e-05	0.00013	CbGpPWpGaD
Suramin—PLA2G4A—Signaling Pathways—IGF2—type 1 diabetes mellitus	7.61e-05	0.00013	CbGpPWpGaD
Suramin—F2—Signaling Pathways—E2F1—type 1 diabetes mellitus	7.6e-05	0.00013	CbGpPWpGaD
Suramin—PLA2G4A—Signaling Pathways—CD86—type 1 diabetes mellitus	7.32e-05	0.000125	CbGpPWpGaD
Suramin—F2—Signaling Pathways—ERBB3—type 1 diabetes mellitus	7.22e-05	0.000123	CbGpPWpGaD
Suramin—F2—Signaling Pathways—CCR5—type 1 diabetes mellitus	7.1e-05	0.000121	CbGpPWpGaD
Suramin—F2—Signaling Pathways—IL2RA—type 1 diabetes mellitus	7e-05	0.00012	CbGpPWpGaD
Suramin—PLA2G4A—Signaling Pathways—E2F1—type 1 diabetes mellitus	6.95e-05	0.000119	CbGpPWpGaD
Suramin—F2—Signaling by GPCR—IL2—type 1 diabetes mellitus	6.95e-05	0.000119	CbGpPWpGaD
Suramin—PLA2G4A—Signaling Pathways—ERBB3—type 1 diabetes mellitus	6.6e-05	0.000113	CbGpPWpGaD
Suramin—PLA2G4A—Signaling Pathways—CCR5—type 1 diabetes mellitus	6.5e-05	0.000111	CbGpPWpGaD
Suramin—PLA2G4A—Signaling Pathways—IL2RA—type 1 diabetes mellitus	6.4e-05	0.000109	CbGpPWpGaD
Suramin—PLA2G4A—Signaling by GPCR—IL2—type 1 diabetes mellitus	6.35e-05	0.000109	CbGpPWpGaD
Suramin—PLA2G4A—Metabolism—INS—type 1 diabetes mellitus	6.04e-05	0.000103	CbGpPWpGaD
Suramin—F2—Signaling Pathways—CD80—type 1 diabetes mellitus	5.84e-05	9.98e-05	CbGpPWpGaD
Suramin—PLA2G4A—Metabolism—ALB—type 1 diabetes mellitus	5.53e-05	9.46e-05	CbGpPWpGaD
Suramin—F2—Signaling Pathways—INS—type 1 diabetes mellitus	5.52e-05	9.43e-05	CbGpPWpGaD
Suramin—PLA2G4A—Signaling Pathways—CD80—type 1 diabetes mellitus	5.34e-05	9.13e-05	CbGpPWpGaD
Suramin—F2—Signaling Pathways—IGF1—type 1 diabetes mellitus	5.34e-05	9.12e-05	CbGpPWpGaD
Suramin—F2—Signaling by GPCR—EGFR—type 1 diabetes mellitus	5.31e-05	9.08e-05	CbGpPWpGaD
Suramin—PLA2G4A—Metabolism—NOS3—type 1 diabetes mellitus	5.29e-05	9.05e-05	CbGpPWpGaD
Suramin—PLA2G4A—Signaling Pathways—INS—type 1 diabetes mellitus	5.05e-05	8.63e-05	CbGpPWpGaD
Suramin—F2—Signaling Pathways—TYK2—type 1 diabetes mellitus	4.93e-05	8.43e-05	CbGpPWpGaD
Suramin—PLA2G4A—Signaling Pathways—IGF1—type 1 diabetes mellitus	4.88e-05	8.35e-05	CbGpPWpGaD
Suramin—PLA2G4A—Signaling by GPCR—EGFR—type 1 diabetes mellitus	4.86e-05	8.3e-05	CbGpPWpGaD
Suramin—F2—Signaling Pathways—NOS3—type 1 diabetes mellitus	4.84e-05	8.27e-05	CbGpPWpGaD
Suramin—PLA2G4A—Signaling Pathways—TYK2—type 1 diabetes mellitus	4.51e-05	7.71e-05	CbGpPWpGaD
Suramin—PLA2G4A—Signaling Pathways—NOS3—type 1 diabetes mellitus	4.43e-05	7.57e-05	CbGpPWpGaD
Suramin—F2—Signaling Pathways—CASP3—type 1 diabetes mellitus	4.11e-05	7.02e-05	CbGpPWpGaD
Suramin—F2—Signaling Pathways—IL2—type 1 diabetes mellitus	4.1e-05	7.01e-05	CbGpPWpGaD
Suramin—F2—Signaling by GPCR—IL6—type 1 diabetes mellitus	4.08e-05	6.98e-05	CbGpPWpGaD
Suramin—PLA2G4A—Signaling Pathways—CASP3—type 1 diabetes mellitus	3.76e-05	6.42e-05	CbGpPWpGaD
Suramin—PLA2G4A—Signaling Pathways—IL2—type 1 diabetes mellitus	3.75e-05	6.41e-05	CbGpPWpGaD
Suramin—PLA2G4A—Signaling by GPCR—IL6—type 1 diabetes mellitus	3.73e-05	6.38e-05	CbGpPWpGaD
Suramin—F2—Signaling Pathways—STAT3—type 1 diabetes mellitus	3.45e-05	5.9e-05	CbGpPWpGaD
Suramin—PLA2G4A—Signaling Pathways—STAT3—type 1 diabetes mellitus	3.16e-05	5.4e-05	CbGpPWpGaD
Suramin—F2—Signaling Pathways—EGFR—type 1 diabetes mellitus	3.14e-05	5.36e-05	CbGpPWpGaD
Suramin—PLA2G4A—Signaling Pathways—EGFR—type 1 diabetes mellitus	2.87e-05	4.91e-05	CbGpPWpGaD
Suramin—F2—Signaling Pathways—IL6—type 1 diabetes mellitus	2.41e-05	4.12e-05	CbGpPWpGaD
Suramin—PLA2G4A—Signaling Pathways—IL6—type 1 diabetes mellitus	2.21e-05	3.77e-05	CbGpPWpGaD
