nodes	percent_of_prediction	percent_of_DWPC	metapath
Tetrabenazine—CYP2D6—Niacin—coronary artery disease	0.0638	0.173	CbGbCtD
Tetrabenazine—CYP2D6—Timolol—coronary artery disease	0.0593	0.161	CbGbCtD
Tetrabenazine—CYP2D6—Captopril—coronary artery disease	0.0522	0.141	CbGbCtD
Tetrabenazine—CYP2D6—Simvastatin—coronary artery disease	0.0505	0.136	CbGbCtD
Tetrabenazine—CYP2D6—Pravastatin—coronary artery disease	0.0494	0.134	CbGbCtD
Tetrabenazine—CYP2D6—Lovastatin—coronary artery disease	0.0494	0.134	CbGbCtD
Tetrabenazine—CYP2D6—Atorvastatin—coronary artery disease	0.045	0.122	CbGbCtD
Tetrabenazine—Donepezil—HTR2A—coronary artery disease	0.00189	1	CrCbGaD
Tetrabenazine—Hypotension—Captopril—coronary artery disease	0.000428	0.000977	CcSEcCtD
Tetrabenazine—Dyspnoea—Trandolapril—coronary artery disease	0.000427	0.000976	CcSEcCtD
Tetrabenazine—Somnolence—Trandolapril—coronary artery disease	0.000426	0.000973	CcSEcCtD
Tetrabenazine—Insomnia—Telmisartan—coronary artery disease	0.000426	0.000972	CcSEcCtD
Tetrabenazine—Dyspnoea—Enalapril—coronary artery disease	0.000426	0.000972	CcSEcCtD
Tetrabenazine—Fatigue—Pravastatin—coronary artery disease	0.000425	0.000971	CcSEcCtD
Tetrabenazine—Nervousness—Ramipril—coronary artery disease	0.000425	0.000971	CcSEcCtD
Tetrabenazine—Vomiting—Acetylsalicylic acid—coronary artery disease	0.000425	0.000971	CcSEcCtD
Tetrabenazine—Dry mouth—Losartan—coronary artery disease	0.000425	0.000971	CcSEcCtD
Tetrabenazine—Somnolence—Enalapril—coronary artery disease	0.000424	0.000969	CcSEcCtD
Tetrabenazine—Nervous system disorder—Furosemide—coronary artery disease	0.000424	0.000968	CcSEcCtD
Tetrabenazine—Feeling abnormal—Olmesartan—coronary artery disease	0.000423	0.000965	CcSEcCtD
Tetrabenazine—Constipation—Pravastatin—coronary artery disease	0.000422	0.000964	CcSEcCtD
Tetrabenazine—Asthenia—Clopidogrel—coronary artery disease	0.000421	0.000962	CcSEcCtD
Tetrabenazine—Confusional state—Losartan—coronary artery disease	0.00042	0.00096	CcSEcCtD
Tetrabenazine—Tension—Timolol—coronary artery disease	0.00042	0.000959	CcSEcCtD
Tetrabenazine—Dyspnoea—Telmisartan—coronary artery disease	0.00042	0.000958	CcSEcCtD
Tetrabenazine—Skin disorder—Furosemide—coronary artery disease	0.00042	0.000958	CcSEcCtD
Tetrabenazine—Asthenia—Lovastatin—coronary artery disease	0.000419	0.000956	CcSEcCtD
Tetrabenazine—Somnolence—Telmisartan—coronary artery disease	0.000419	0.000956	CcSEcCtD
Tetrabenazine—Hyperhidrosis—Furosemide—coronary artery disease	0.000418	0.000954	CcSEcCtD
Tetrabenazine—Decreased appetite—Trandolapril—coronary artery disease	0.000417	0.000951	CcSEcCtD
Tetrabenazine—Nervousness—Timolol—coronary artery disease	0.000416	0.00095	CcSEcCtD
Tetrabenazine—Hypotension—Perindopril—coronary artery disease	0.000415	0.000948	CcSEcCtD
Tetrabenazine—Decreased appetite—Enalapril—coronary artery disease	0.000415	0.000947	CcSEcCtD
Tetrabenazine—Insomnia—Captopril—coronary artery disease	0.000414	0.000945	CcSEcCtD
Tetrabenazine—Angiopathy—Lisinopril—coronary artery disease	0.000414	0.000945	CcSEcCtD
Tetrabenazine—Fatigue—Trandolapril—coronary artery disease	0.000413	0.000943	CcSEcCtD
Tetrabenazine—Fatigue—Enalapril—coronary artery disease	0.000412	0.00094	CcSEcCtD
Tetrabenazine—Asthenia—Ezetimibe—coronary artery disease	0.000411	0.000938	CcSEcCtD
Tetrabenazine—Tremor—Ramipril—coronary artery disease	0.00041	0.000937	CcSEcCtD
Tetrabenazine—Constipation—Trandolapril—coronary artery disease	0.00041	0.000936	CcSEcCtD
Tetrabenazine—Decreased appetite—Telmisartan—coronary artery disease	0.000409	0.000934	CcSEcCtD
Tetrabenazine—Nausea—Rosuvastatin—coronary artery disease	0.000409	0.000934	CcSEcCtD
Tetrabenazine—Diarrhoea—Fenofibrate—coronary artery disease	0.000409	0.000934	CcSEcCtD
Tetrabenazine—Nervous system disorder—Losartan—coronary artery disease	0.000409	0.000934	CcSEcCtD
Tetrabenazine—Constipation—Enalapril—coronary artery disease	0.000408	0.000932	CcSEcCtD
Tetrabenazine—Dyspnoea—Captopril—coronary artery disease	0.000408	0.000932	CcSEcCtD
Tetrabenazine—Somnolence—Captopril—coronary artery disease	0.000407	0.000929	CcSEcCtD
Tetrabenazine—Feeling abnormal—Pravastatin—coronary artery disease	0.000407	0.000929	CcSEcCtD
Tetrabenazine—Fatigue—Telmisartan—coronary artery disease	0.000406	0.000927	CcSEcCtD
Tetrabenazine—Body temperature increased—Olmesartan—coronary artery disease	0.000406	0.000926	CcSEcCtD
Tetrabenazine—Hypotension—Furosemide—coronary artery disease	0.000404	0.000922	CcSEcCtD
Tetrabenazine—Hyperhidrosis—Losartan—coronary artery disease	0.000403	0.00092	CcSEcCtD
Tetrabenazine—Constipation—Telmisartan—coronary artery disease	0.000403	0.000919	CcSEcCtD
Tetrabenazine—Agitation—Ramipril—coronary artery disease	0.000403	0.000919	CcSEcCtD
Tetrabenazine—Insomnia—Perindopril—coronary artery disease	0.000402	0.000918	CcSEcCtD
Tetrabenazine—Diarrhoea—Clopidogrel—coronary artery disease	0.000402	0.000918	CcSEcCtD
Tetrabenazine—Asthenia—Eplerenone—coronary artery disease	0.000402	0.000918	CcSEcCtD
Tetrabenazine—Mental disorder—Lisinopril—coronary artery disease	0.0004	0.000913	CcSEcCtD
Tetrabenazine—Diarrhoea—Lovastatin—coronary artery disease	0.000399	0.000912	CcSEcCtD
Tetrabenazine—Decreased appetite—Captopril—coronary artery disease	0.000398	0.000909	CcSEcCtD
Tetrabenazine—Nausea—Acetylsalicylic acid—coronary artery disease	0.000397	0.000907	CcSEcCtD
Tetrabenazine—Dyspnoea—Perindopril—coronary artery disease	0.000396	0.000905	CcSEcCtD
Tetrabenazine—Body temperature increased—Niacin—coronary artery disease	0.000396	0.000905	CcSEcCtD
Tetrabenazine—Dizziness—Fenofibrate—coronary artery disease	0.000395	0.000902	CcSEcCtD
Tetrabenazine—Somnolence—Perindopril—coronary artery disease	0.000395	0.000902	CcSEcCtD
Tetrabenazine—Feeling abnormal—Trandolapril—coronary artery disease	0.000395	0.000902	CcSEcCtD
Tetrabenazine—Fatigue—Captopril—coronary artery disease	0.000395	0.000901	CcSEcCtD
Tetrabenazine—Feeling abnormal—Enalapril—coronary artery disease	0.000393	0.000898	CcSEcCtD
Tetrabenazine—Leukopenia—Ramipril—coronary artery disease	0.000392	0.000895	CcSEcCtD
Tetrabenazine—Asthenia—Simvastatin—coronary artery disease	0.000392	0.000894	CcSEcCtD
Tetrabenazine—Diarrhoea—Ezetimibe—coronary artery disease	0.000392	0.000894	CcSEcCtD
Tetrabenazine—Constipation—Captopril—coronary artery disease	0.000391	0.000894	CcSEcCtD
Tetrabenazine—Body temperature increased—Pravastatin—coronary artery disease	0.00039	0.000891	CcSEcCtD
Tetrabenazine—Tension—Lisinopril—coronary artery disease	0.00039	0.00089	CcSEcCtD
Tetrabenazine—Hypotension—Losartan—coronary artery disease	0.00039	0.00089	CcSEcCtD
Tetrabenazine—Dizziness—Clopidogrel—coronary artery disease	0.000388	0.000887	CcSEcCtD
Tetrabenazine—Feeling abnormal—Telmisartan—coronary artery disease	0.000388	0.000886	CcSEcCtD
Tetrabenazine—Decreased appetite—Perindopril—coronary artery disease	0.000386	0.000882	CcSEcCtD
Tetrabenazine—Dizziness—Lovastatin—coronary artery disease	0.000386	0.000881	CcSEcCtD
Tetrabenazine—Nervousness—Lisinopril—coronary artery disease	0.000386	0.000881	CcSEcCtD
Tetrabenazine—Somnolence—Furosemide—coronary artery disease	0.000384	0.000877	CcSEcCtD
Tetrabenazine—Diarrhoea—Eplerenone—coronary artery disease	0.000383	0.000875	CcSEcCtD
Tetrabenazine—Fatigue—Perindopril—coronary artery disease	0.000383	0.000875	CcSEcCtD
Tetrabenazine—Constipation—Perindopril—coronary artery disease	0.00038	0.000868	CcSEcCtD
Tetrabenazine—Vomiting—Fenofibrate—coronary artery disease	0.00038	0.000868	CcSEcCtD
Tetrabenazine—Body temperature increased—Trandolapril—coronary artery disease	0.000379	0.000865	CcSEcCtD
Tetrabenazine—Dizziness—Ezetimibe—coronary artery disease	0.000379	0.000864	CcSEcCtD
Tetrabenazine—Body temperature increased—Enalapril—coronary artery disease	0.000377	0.000862	CcSEcCtD
Tetrabenazine—Feeling abnormal—Captopril—coronary artery disease	0.000377	0.000861	CcSEcCtD
Tetrabenazine—Insomnia—Losartan—coronary artery disease	0.000377	0.000861	CcSEcCtD
Tetrabenazine—Decreased appetite—Furosemide—coronary artery disease	0.000376	0.000858	CcSEcCtD
Tetrabenazine—Headache—Fenofibrate—coronary artery disease	0.000374	0.000855	CcSEcCtD
Tetrabenazine—Vomiting—Clopidogrel—coronary artery disease	0.000374	0.000853	CcSEcCtD
Tetrabenazine—Diarrhoea—Simvastatin—coronary artery disease	0.000373	0.000853	CcSEcCtD
Tetrabenazine—Fatigue—Furosemide—coronary artery disease	0.000373	0.000851	CcSEcCtD
Tetrabenazine—Tremor—Lisinopril—coronary artery disease	0.000372	0.00085	CcSEcCtD
Tetrabenazine—Body temperature increased—Telmisartan—coronary artery disease	0.000372	0.00085	CcSEcCtD
Tetrabenazine—Dyspnoea—Losartan—coronary artery disease	0.000372	0.000849	CcSEcCtD
Tetrabenazine—Anxiety—Ramipril—coronary artery disease	0.000372	0.000849	CcSEcCtD
Tetrabenazine—Vomiting—Lovastatin—coronary artery disease	0.000371	0.000847	CcSEcCtD
Tetrabenazine—Somnolence—Losartan—coronary artery disease	0.000371	0.000846	CcSEcCtD
Tetrabenazine—Dizziness—Eplerenone—coronary artery disease	0.00037	0.000846	CcSEcCtD
Tetrabenazine—Unspecified disorder of skin and subcutaneous tissue—Ramipril—coronary artery disease	0.00037	0.000846	CcSEcCtD
Tetrabenazine—Asthenia—Valsartan—coronary artery disease	0.00037	0.000844	CcSEcCtD
Tetrabenazine—Constipation—Furosemide—coronary artery disease	0.000369	0.000844	CcSEcCtD
Tetrabenazine—Asthenia—Olmesartan—coronary artery disease	0.000368	0.00084	CcSEcCtD
Tetrabenazine—Headache—Clopidogrel—coronary artery disease	0.000368	0.00084	CcSEcCtD
Tetrabenazine—Feeling abnormal—Perindopril—coronary artery disease	0.000366	0.000836	CcSEcCtD
Tetrabenazine—Headache—Lovastatin—coronary artery disease	0.000366	0.000835	CcSEcCtD
Tetrabenazine—Dry mouth—Ramipril—coronary artery disease	0.000365	0.000833	CcSEcCtD
Tetrabenazine—Vomiting—Ezetimibe—coronary artery disease	0.000364	0.000831	CcSEcCtD
Tetrabenazine—Anxiety—Timolol—coronary artery disease	0.000363	0.00083	CcSEcCtD
Tetrabenazine—Decreased appetite—Losartan—coronary artery disease	0.000362	0.000828	CcSEcCtD
Tetrabenazine—Unspecified disorder of skin and subcutaneous tissue—Timolol—coronary artery disease	0.000362	0.000827	CcSEcCtD
Tetrabenazine—Body temperature increased—Captopril—coronary artery disease	0.000362	0.000826	CcSEcCtD
Tetrabenazine—Dizziness—Simvastatin—coronary artery disease	0.000361	0.000824	CcSEcCtD
Tetrabenazine—Confusional state—Ramipril—coronary artery disease	0.00036	0.000823	CcSEcCtD
Tetrabenazine—Asthenia—Niacin—coronary artery disease	0.00036	0.000821	CcSEcCtD
Tetrabenazine—Fatigue—Losartan—coronary artery disease	0.000359	0.000821	CcSEcCtD
Tetrabenazine—Headache—Ezetimibe—coronary artery disease	0.000359	0.000819	CcSEcCtD
Tetrabenazine—Dry mouth—Timolol—coronary artery disease	0.000357	0.000814	CcSEcCtD
Tetrabenazine—Constipation—Losartan—coronary artery disease	0.000357	0.000814	CcSEcCtD
Tetrabenazine—Vomiting—Eplerenone—coronary artery disease	0.000356	0.000813	CcSEcCtD
Tetrabenazine—Feeling abnormal—Furosemide—coronary artery disease	0.000356	0.000813	CcSEcCtD
Tetrabenazine—Leukopenia—Lisinopril—coronary artery disease	0.000356	0.000812	CcSEcCtD
Tetrabenazine—Nausea—Fenofibrate—coronary artery disease	0.000355	0.000811	CcSEcCtD
Tetrabenazine—Asthenia—Pravastatin—coronary artery disease	0.000354	0.000808	CcSEcCtD
Tetrabenazine—Diarrhoea—Valsartan—coronary artery disease	0.000353	0.000805	CcSEcCtD
Tetrabenazine—Confusional state—Timolol—coronary artery disease	0.000352	0.000805	CcSEcCtD
Tetrabenazine—Body temperature increased—Perindopril—coronary artery disease	0.000351	0.000802	CcSEcCtD
Tetrabenazine—Diarrhoea—Olmesartan—coronary artery disease	0.000351	0.000801	CcSEcCtD
Tetrabenazine—Headache—Eplerenone—coronary artery disease	0.000351	0.000801	CcSEcCtD
Tetrabenazine—Nervous system disorder—Ramipril—coronary artery disease	0.000351	0.0008	CcSEcCtD
Tetrabenazine—Nausea—Clopidogrel—coronary artery disease	0.000349	0.000797	CcSEcCtD
Tetrabenazine—Skin disorder—Ramipril—coronary artery disease	0.000347	0.000793	CcSEcCtD
Tetrabenazine—Vomiting—Simvastatin—coronary artery disease	0.000347	0.000792	CcSEcCtD
Tetrabenazine—Nausea—Lovastatin—coronary artery disease	0.000347	0.000791	CcSEcCtD
Tetrabenazine—Hyperhidrosis—Ramipril—coronary artery disease	0.000346	0.000789	CcSEcCtD
Tetrabenazine—Asthenia—Trandolapril—coronary artery disease	0.000344	0.000785	CcSEcCtD
Tetrabenazine—Feeling abnormal—Losartan—coronary artery disease	0.000344	0.000784	CcSEcCtD
Tetrabenazine—Diarrhoea—Niacin—coronary artery disease	0.000343	0.000783	CcSEcCtD
Tetrabenazine—Nervous system disorder—Timolol—coronary artery disease	0.000343	0.000783	CcSEcCtD
Tetrabenazine—Asthenia—Enalapril—coronary artery disease	0.000342	0.000782	CcSEcCtD
Tetrabenazine—Headache—Simvastatin—coronary artery disease	0.000342	0.000781	CcSEcCtD
Tetrabenazine—Body temperature increased—Furosemide—coronary artery disease	0.000342	0.00078	CcSEcCtD
Tetrabenazine—Dizziness—Valsartan—coronary artery disease	0.000341	0.000778	CcSEcCtD
Tetrabenazine—Nausea—Ezetimibe—coronary artery disease	0.00034	0.000776	CcSEcCtD
Tetrabenazine—Skin disorder—Timolol—coronary artery disease	0.000339	0.000775	CcSEcCtD
Tetrabenazine—Dizziness—Olmesartan—coronary artery disease	0.000339	0.000775	CcSEcCtD
Tetrabenazine—Hyperhidrosis—Timolol—coronary artery disease	0.000338	0.000771	CcSEcCtD
Tetrabenazine—Asthenia—Telmisartan—coronary artery disease	0.000338	0.000771	CcSEcCtD
Tetrabenazine—Diarrhoea—Pravastatin—coronary artery disease	0.000338	0.000771	CcSEcCtD
Tetrabenazine—Anxiety—Lisinopril—coronary artery disease	0.000337	0.00077	CcSEcCtD
Tetrabenazine—Unspecified disorder of skin and subcutaneous tissue—Lisinopril—coronary artery disease	0.000336	0.000767	CcSEcCtD
Tetrabenazine—Hypotension—Ramipril—coronary artery disease	0.000334	0.000763	CcSEcCtD
Tetrabenazine—Nausea—Eplerenone—coronary artery disease	0.000333	0.00076	CcSEcCtD
Tetrabenazine—Dizziness—Niacin—coronary artery disease	0.000331	0.000757	CcSEcCtD
Tetrabenazine—Dry mouth—Lisinopril—coronary artery disease	0.000331	0.000755	CcSEcCtD
Tetrabenazine—Body temperature increased—Losartan—coronary artery disease	0.00033	0.000753	CcSEcCtD
Tetrabenazine—Asthenia—Captopril—coronary artery disease	0.000328	0.00075	CcSEcCtD
Tetrabenazine—Diarrhoea—Trandolapril—coronary artery disease	0.000328	0.000749	CcSEcCtD
Tetrabenazine—Vomiting—Valsartan—coronary artery disease	0.000328	0.000748	CcSEcCtD
Tetrabenazine—Confusional state—Lisinopril—coronary artery disease	0.000327	0.000746	CcSEcCtD
Tetrabenazine—Diarrhoea—Enalapril—coronary artery disease	0.000327	0.000746	CcSEcCtD
Tetrabenazine—Hypotension—Timolol—coronary artery disease	0.000327	0.000746	CcSEcCtD
Tetrabenazine—Dizziness—Pravastatin—coronary artery disease	0.000326	0.000745	CcSEcCtD
Tetrabenazine—Vomiting—Olmesartan—coronary artery disease	0.000326	0.000745	CcSEcCtD
Tetrabenazine—Nausea—Simvastatin—coronary artery disease	0.000324	0.00074	CcSEcCtD
Tetrabenazine—Insomnia—Ramipril—coronary artery disease	0.000323	0.000738	CcSEcCtD
Tetrabenazine—Headache—Valsartan—coronary artery disease	0.000323	0.000737	CcSEcCtD
Tetrabenazine—Diarrhoea—Telmisartan—coronary artery disease	0.000322	0.000736	CcSEcCtD
Tetrabenazine—Headache—Olmesartan—coronary artery disease	0.000321	0.000734	CcSEcCtD
Tetrabenazine—Asthenia—Perindopril—coronary artery disease	0.000319	0.000728	CcSEcCtD
Tetrabenazine—Dyspnoea—Ramipril—coronary artery disease	0.000319	0.000728	CcSEcCtD
Tetrabenazine—Vomiting—Niacin—coronary artery disease	0.000319	0.000728	CcSEcCtD
Tetrabenazine—Somnolence—Ramipril—coronary artery disease	0.000318	0.000726	CcSEcCtD
Tetrabenazine—Dizziness—Trandolapril—coronary artery disease	0.000317	0.000724	CcSEcCtD
Tetrabenazine—Insomnia—Timolol—coronary artery disease	0.000316	0.000722	CcSEcCtD
Tetrabenazine—Dizziness—Enalapril—coronary artery disease	0.000316	0.000721	CcSEcCtD
Tetrabenazine—Skin disorder—Lisinopril—coronary artery disease	0.000315	0.000719	CcSEcCtD
Tetrabenazine—Headache—Niacin—coronary artery disease	0.000314	0.000717	CcSEcCtD
Tetrabenazine—Vomiting—Pravastatin—coronary artery disease	0.000314	0.000716	CcSEcCtD
Tetrabenazine—Hyperhidrosis—Lisinopril—coronary artery disease	0.000313	0.000716	CcSEcCtD
Tetrabenazine—Diarrhoea—Captopril—coronary artery disease	0.000313	0.000715	CcSEcCtD
Tetrabenazine—Dyspnoea—Timolol—coronary artery disease	0.000312	0.000711	CcSEcCtD
Tetrabenazine—Dizziness—Telmisartan—coronary artery disease	0.000311	0.000711	CcSEcCtD
Tetrabenazine—Decreased appetite—Ramipril—coronary artery disease	0.000311	0.00071	CcSEcCtD
Tetrabenazine—Somnolence—Timolol—coronary artery disease	0.000311	0.000709	CcSEcCtD
Tetrabenazine—Asthenia—Furosemide—coronary artery disease	0.00031	0.000708	CcSEcCtD
Tetrabenazine—Headache—Pravastatin—coronary artery disease	0.000309	0.000706	CcSEcCtD
Tetrabenazine—Fatigue—Ramipril—coronary artery disease	0.000308	0.000704	CcSEcCtD
Tetrabenazine—Nausea—Valsartan—coronary artery disease	0.000306	0.000699	CcSEcCtD
Tetrabenazine—Constipation—Ramipril—coronary artery disease	0.000306	0.000698	CcSEcCtD
Tetrabenazine—Nausea—Olmesartan—coronary artery disease	0.000305	0.000696	CcSEcCtD
Tetrabenazine—Vomiting—Trandolapril—coronary artery disease	0.000305	0.000696	CcSEcCtD
Tetrabenazine—Diarrhoea—Perindopril—coronary artery disease	0.000304	0.000694	CcSEcCtD
Tetrabenazine—Decreased appetite—Timolol—coronary artery disease	0.000304	0.000694	CcSEcCtD
Tetrabenazine—Vomiting—Enalapril—coronary artery disease	0.000303	0.000693	CcSEcCtD
Tetrabenazine—Hypotension—Lisinopril—coronary artery disease	0.000303	0.000692	CcSEcCtD
Tetrabenazine—Dizziness—Captopril—coronary artery disease	0.000303	0.000691	CcSEcCtD
Tetrabenazine—Fatigue—Timolol—coronary artery disease	0.000301	0.000688	CcSEcCtD
Tetrabenazine—Headache—Trandolapril—coronary artery disease	0.0003	0.000686	CcSEcCtD
Tetrabenazine—Vomiting—Telmisartan—coronary artery disease	0.000299	0.000683	CcSEcCtD
Tetrabenazine—Asthenia—Losartan—coronary artery disease	0.000299	0.000683	CcSEcCtD
Tetrabenazine—Headache—Enalapril—coronary artery disease	0.000299	0.000683	CcSEcCtD
Tetrabenazine—Nausea—Niacin—coronary artery disease	0.000298	0.00068	CcSEcCtD
Tetrabenazine—Diarrhoea—Furosemide—coronary artery disease	0.000296	0.000675	CcSEcCtD
Tetrabenazine—Headache—Telmisartan—coronary artery disease	0.000295	0.000673	CcSEcCtD
Tetrabenazine—Feeling abnormal—Ramipril—coronary artery disease	0.000295	0.000673	CcSEcCtD
Tetrabenazine—Dizziness—Perindopril—coronary artery disease	0.000294	0.000671	CcSEcCtD
Tetrabenazine—Insomnia—Lisinopril—coronary artery disease	0.000293	0.00067	CcSEcCtD
Tetrabenazine—Nausea—Pravastatin—coronary artery disease	0.000293	0.000669	CcSEcCtD
Tetrabenazine—Vomiting—Captopril—coronary artery disease	0.000291	0.000665	CcSEcCtD
Tetrabenazine—Dyspnoea—Lisinopril—coronary artery disease	0.000289	0.00066	CcSEcCtD
Tetrabenazine—Somnolence—Lisinopril—coronary artery disease	0.000288	0.000658	CcSEcCtD
Tetrabenazine—Feeling abnormal—Timolol—coronary artery disease	0.000288	0.000658	CcSEcCtD
Tetrabenazine—Headache—Captopril—coronary artery disease	0.000287	0.000655	CcSEcCtD
Tetrabenazine—Dizziness—Furosemide—coronary artery disease	0.000286	0.000652	CcSEcCtD
Tetrabenazine—Diarrhoea—Losartan—coronary artery disease	0.000285	0.000651	CcSEcCtD
Tetrabenazine—Nausea—Trandolapril—coronary artery disease	0.000285	0.00065	CcSEcCtD
Tetrabenazine—Nausea—Enalapril—coronary artery disease	0.000284	0.000647	CcSEcCtD
Tetrabenazine—Vomiting—Perindopril—coronary artery disease	0.000283	0.000645	CcSEcCtD
Tetrabenazine—Body temperature increased—Ramipril—coronary artery disease	0.000283	0.000645	CcSEcCtD
Tetrabenazine—Decreased appetite—Lisinopril—coronary artery disease	0.000282	0.000644	CcSEcCtD
Tetrabenazine—Nausea—Telmisartan—coronary artery disease	0.00028	0.000639	CcSEcCtD
Tetrabenazine—Fatigue—Lisinopril—coronary artery disease	0.00028	0.000638	CcSEcCtD
Tetrabenazine—Headache—Perindopril—coronary artery disease	0.000278	0.000636	CcSEcCtD
Tetrabenazine—Constipation—Lisinopril—coronary artery disease	0.000277	0.000633	CcSEcCtD
Tetrabenazine—Body temperature increased—Timolol—coronary artery disease	0.000276	0.000631	CcSEcCtD
Tetrabenazine—Dizziness—Losartan—coronary artery disease	0.000276	0.000629	CcSEcCtD
Tetrabenazine—Vomiting—Furosemide—coronary artery disease	0.000275	0.000627	CcSEcCtD
Tetrabenazine—Nausea—Captopril—coronary artery disease	0.000272	0.000621	CcSEcCtD
Tetrabenazine—Headache—Furosemide—coronary artery disease	0.000271	0.000618	CcSEcCtD
Tetrabenazine—Feeling abnormal—Lisinopril—coronary artery disease	0.000267	0.00061	CcSEcCtD
Tetrabenazine—Vomiting—Losartan—coronary artery disease	0.000265	0.000605	CcSEcCtD
Tetrabenazine—Nausea—Perindopril—coronary artery disease	0.000264	0.000603	CcSEcCtD
Tetrabenazine—Headache—Losartan—coronary artery disease	0.000261	0.000596	CcSEcCtD
Tetrabenazine—Nausea—Furosemide—coronary artery disease	0.000257	0.000586	CcSEcCtD
Tetrabenazine—Asthenia—Ramipril—coronary artery disease	0.000256	0.000586	CcSEcCtD
Tetrabenazine—Body temperature increased—Lisinopril—coronary artery disease	0.000256	0.000585	CcSEcCtD
Tetrabenazine—Asthenia—Timolol—coronary artery disease	0.000251	0.000573	CcSEcCtD
Tetrabenazine—Nausea—Losartan—coronary artery disease	0.000248	0.000565	CcSEcCtD
Tetrabenazine—Diarrhoea—Ramipril—coronary artery disease	0.000245	0.000558	CcSEcCtD
Tetrabenazine—Diarrhoea—Timolol—coronary artery disease	0.000239	0.000546	CcSEcCtD
Tetrabenazine—Dizziness—Ramipril—coronary artery disease	0.000236	0.00054	CcSEcCtD
Tetrabenazine—Asthenia—Lisinopril—coronary artery disease	0.000233	0.000531	CcSEcCtD
Tetrabenazine—Dizziness—Timolol—coronary artery disease	0.000231	0.000528	CcSEcCtD
Tetrabenazine—Vomiting—Ramipril—coronary artery disease	0.000227	0.000519	CcSEcCtD
Tetrabenazine—Headache—Ramipril—coronary artery disease	0.000224	0.000511	CcSEcCtD
Tetrabenazine—Vomiting—Timolol—coronary artery disease	0.000222	0.000507	CcSEcCtD
Tetrabenazine—Diarrhoea—Lisinopril—coronary artery disease	0.000222	0.000506	CcSEcCtD
Tetrabenazine—Headache—Timolol—coronary artery disease	0.000219	0.0005	CcSEcCtD
Tetrabenazine—Dizziness—Lisinopril—coronary artery disease	0.000214	0.00049	CcSEcCtD
Tetrabenazine—Nausea—Ramipril—coronary artery disease	0.000212	0.000485	CcSEcCtD
Tetrabenazine—Nausea—Timolol—coronary artery disease	0.000208	0.000474	CcSEcCtD
Tetrabenazine—Vomiting—Lisinopril—coronary artery disease	0.000206	0.000471	CcSEcCtD
Tetrabenazine—Headache—Lisinopril—coronary artery disease	0.000203	0.000464	CcSEcCtD
Tetrabenazine—Nausea—Lisinopril—coronary artery disease	0.000193	0.00044	CcSEcCtD
Tetrabenazine—CYP2D6—Metabolism—PLCD1—coronary artery disease	4.71e-05	0.000247	CbGpPWpGaD
Tetrabenazine—CYP2D6—Metabolism—PPAT—coronary artery disease	4.71e-05	0.000247	CbGpPWpGaD
Tetrabenazine—CYP2D6—Metabolism—UGCG—coronary artery disease	4.71e-05	0.000247	CbGpPWpGaD
Tetrabenazine—CYP2D6—Metabolism—MDH2—coronary artery disease	4.71e-05	0.000247	CbGpPWpGaD
Tetrabenazine—DRD2—GPCR downstream signaling—HTR7—coronary artery disease	4.7e-05	0.000247	CbGpPWpGaD
Tetrabenazine—DRD2—Signaling Pathways—DVL1—coronary artery disease	4.68e-05	0.000245	CbGpPWpGaD
Tetrabenazine—DRD2—Signaling Pathways—ITGA2B—coronary artery disease	4.68e-05	0.000245	CbGpPWpGaD
Tetrabenazine—DRD2—GPCR ligand binding—POMC—coronary artery disease	4.66e-05	0.000244	CbGpPWpGaD
Tetrabenazine—DRD2—GPCR ligand binding—CCL2—coronary artery disease	4.56e-05	0.000239	CbGpPWpGaD
Tetrabenazine—DRD2—Signaling Pathways—GHR—coronary artery disease	4.54e-05	0.000238	CbGpPWpGaD
Tetrabenazine—DRD2—Signaling Pathways—CCL4—coronary artery disease	4.54e-05	0.000238	CbGpPWpGaD
Tetrabenazine—DRD2—Signaling Pathways—OPRD1—coronary artery disease	4.54e-05	0.000238	CbGpPWpGaD
Tetrabenazine—CYP2D6—Metabolism—PGM1—coronary artery disease	4.53e-05	0.000238	CbGpPWpGaD
Tetrabenazine—DRD2—GPCR downstream signaling—KNG1—coronary artery disease	4.47e-05	0.000235	CbGpPWpGaD
Tetrabenazine—DRD2—Signaling by GPCR—CXCL12—coronary artery disease	4.46e-05	0.000234	CbGpPWpGaD
Tetrabenazine—DRD2—Signaling by GPCR—BDKRB2—coronary artery disease	4.46e-05	0.000234	CbGpPWpGaD
Tetrabenazine—DRD2—GPCR downstream signaling—AGTR1—coronary artery disease	4.44e-05	0.000233	CbGpPWpGaD
Tetrabenazine—CYP2D6—Metabolism—CKB—coronary artery disease	4.38e-05	0.00023	CbGpPWpGaD
Tetrabenazine—CYP2D6—Metabolism—PYGB—coronary artery disease	4.38e-05	0.00023	CbGpPWpGaD
Tetrabenazine—DRD2—Signaling by GPCR—PLCB1—coronary artery disease	4.36e-05	0.000229	CbGpPWpGaD
Tetrabenazine—DRD2—Signaling Pathways—MEF2A—coronary artery disease	4.35e-05	0.000228	CbGpPWpGaD
Tetrabenazine—DRD2—Signaling Pathways—TLE4—coronary artery disease	4.35e-05	0.000228	CbGpPWpGaD
Tetrabenazine—DRD2—GPCR downstream signaling—CXCL10—coronary artery disease	4.34e-05	0.000228	CbGpPWpGaD
Tetrabenazine—DRD2—Signaling by GPCR—HTR7—coronary artery disease	4.27e-05	0.000224	CbGpPWpGaD
Tetrabenazine—DRD2—Signaling Pathways—APOA2—coronary artery disease	4.24e-05	0.000222	CbGpPWpGaD
Tetrabenazine—DRD2—GPCR downstream signaling—ADRB2—coronary artery disease	4.21e-05	0.000221	CbGpPWpGaD
Tetrabenazine—DRD2—Signaling Pathways—AVPR1A—coronary artery disease	4.19e-05	0.00022	CbGpPWpGaD
Tetrabenazine—DRD2—GPCR downstream signaling—PRKCE—coronary artery disease	4.16e-05	0.000218	CbGpPWpGaD
Tetrabenazine—CYP2D6—Metabolism—COX5B—coronary artery disease	4.12e-05	0.000216	CbGpPWpGaD
Tetrabenazine—CYP2D6—Metabolism—PFKFB3—coronary artery disease	4.12e-05	0.000216	CbGpPWpGaD
Tetrabenazine—CYP2D6—Metabolism—PLIN1—coronary artery disease	4.12e-05	0.000216	CbGpPWpGaD
Tetrabenazine—CYP2D6—Metabolism—DLAT—coronary artery disease	4.12e-05	0.000216	CbGpPWpGaD
Tetrabenazine—CYP2D6—Metabolism—GSTM2—coronary artery disease	4.12e-05	0.000216	CbGpPWpGaD
Tetrabenazine—DRD2—Signaling by GPCR—KNG1—coronary artery disease	4.06e-05	0.000213	CbGpPWpGaD
Tetrabenazine—DRD2—Signaling Pathways—UTS2—coronary artery disease	4.04e-05	0.000212	CbGpPWpGaD
Tetrabenazine—DRD2—Signaling by GPCR—AGTR1—coronary artery disease	4.03e-05	0.000212	CbGpPWpGaD
Tetrabenazine—DRD2—Signaling Pathways—NR4A1—coronary artery disease	3.96e-05	0.000208	CbGpPWpGaD
Tetrabenazine—DRD2—Signaling by GPCR—CXCL10—coronary artery disease	3.94e-05	0.000207	CbGpPWpGaD
Tetrabenazine—DRD2—Signaling Pathways—HDAC9—coronary artery disease	3.92e-05	0.000205	CbGpPWpGaD
Tetrabenazine—DRD2—Signaling Pathways—P2RY12—coronary artery disease	3.92e-05	0.000205	CbGpPWpGaD
Tetrabenazine—DRD2—Signaling Pathways—PLCB3—coronary artery disease	3.92e-05	0.000205	CbGpPWpGaD
Tetrabenazine—CYP2D6—Metabolism—SULT1E1—coronary artery disease	3.9e-05	0.000205	CbGpPWpGaD
Tetrabenazine—DRD2—Signaling Pathways—CX3CR1—coronary artery disease	3.88e-05	0.000203	CbGpPWpGaD
Tetrabenazine—DRD2—Signaling Pathways—CASR—coronary artery disease	3.88e-05	0.000203	CbGpPWpGaD
Tetrabenazine—DRD2—Signaling by GPCR—ADRB2—coronary artery disease	3.83e-05	0.000201	CbGpPWpGaD
Tetrabenazine—DRD2—Signaling Pathways—CX3CL1—coronary artery disease	3.8e-05	0.000199	CbGpPWpGaD
Tetrabenazine—DRD2—Signaling Pathways—P4HB—coronary artery disease	3.8e-05	0.000199	CbGpPWpGaD
Tetrabenazine—DRD2—Signaling Pathways—BDKRB1—coronary artery disease	3.8e-05	0.000199	CbGpPWpGaD
Tetrabenazine—DRD2—Signaling Pathways—GNA12—coronary artery disease	3.8e-05	0.000199	CbGpPWpGaD
Tetrabenazine—DRD2—Circadian rythm related genes—IL6—coronary artery disease	3.79e-05	0.000199	CbGpPWpGaD
Tetrabenazine—DRD2—Signaling by GPCR—PRKCE—coronary artery disease	3.78e-05	0.000198	CbGpPWpGaD
Tetrabenazine—DRD2—GPCR downstream signaling—EDN1—coronary artery disease	3.77e-05	0.000198	CbGpPWpGaD
Tetrabenazine—DRD2—GPCR downstream signaling—CCL5—coronary artery disease	3.74e-05	0.000196	CbGpPWpGaD
Tetrabenazine—DRD2—Signaling Pathways—PPP3R1—coronary artery disease	3.73e-05	0.000196	CbGpPWpGaD
Tetrabenazine—CYP2D6—Metabolism—AKR1B1—coronary artery disease	3.72e-05	0.000195	CbGpPWpGaD
Tetrabenazine—CYP2D6—Metabolism—HK2—coronary artery disease	3.72e-05	0.000195	CbGpPWpGaD
Tetrabenazine—CBR1—Metabolism—PIK3CA—coronary artery disease	3.72e-05	0.000195	CbGpPWpGaD
Tetrabenazine—DRD2—Signaling Pathways—ADM—coronary artery disease	3.7e-05	0.000194	CbGpPWpGaD
Tetrabenazine—DRD2—GPCR downstream signaling—CSF2—coronary artery disease	3.68e-05	0.000193	CbGpPWpGaD
Tetrabenazine—DRD2—Signaling Pathways—PDE4B—coronary artery disease	3.6e-05	0.000189	CbGpPWpGaD
Tetrabenazine—DRD2—Signaling Pathways—CYBB—coronary artery disease	3.6e-05	0.000189	CbGpPWpGaD
Tetrabenazine—DRD2—GPCR ligand binding—CXCL8—coronary artery disease	3.6e-05	0.000189	CbGpPWpGaD
Tetrabenazine—DRD2—Signaling by GPCR—MMP3—coronary artery disease	3.6e-05	0.000189	CbGpPWpGaD
Tetrabenazine—CYP2D6—Metabolism—SLC27A1—coronary artery disease	3.57e-05	0.000187	CbGpPWpGaD
Tetrabenazine—CYP2D6—Metabolism—LCAT—coronary artery disease	3.5e-05	0.000184	CbGpPWpGaD
Tetrabenazine—CYP2D6—Metabolism—CPT1B—coronary artery disease	3.5e-05	0.000184	CbGpPWpGaD
Tetrabenazine—CYP2D6—Metabolism—APOA4—coronary artery disease	3.43e-05	0.00018	CbGpPWpGaD
Tetrabenazine—DRD2—Signaling by GPCR—EDN1—coronary artery disease	3.42e-05	0.000179	CbGpPWpGaD
Tetrabenazine—DRD2—Signaling by GPCR—CCL5—coronary artery disease	3.39e-05	0.000178	CbGpPWpGaD
Tetrabenazine—DRD2—GPCR downstream signaling—PRKCD—coronary artery disease	3.37e-05	0.000177	CbGpPWpGaD
Tetrabenazine—DRD2—Signaling by GPCR—CSF2—coronary artery disease	3.34e-05	0.000175	CbGpPWpGaD
Tetrabenazine—CYP2D6—Metabolism—GCLM—coronary artery disease	3.32e-05	0.000174	CbGpPWpGaD
Tetrabenazine—CYP2D6—Metabolism—PDHA1—coronary artery disease	3.32e-05	0.000174	CbGpPWpGaD
Tetrabenazine—DRD2—Signaling Pathways—CCR3—coronary artery disease	3.3e-05	0.000173	CbGpPWpGaD
Tetrabenazine—DRD2—GPCR downstream signaling—HTR2A—coronary artery disease	3.29e-05	0.000173	CbGpPWpGaD
Tetrabenazine—DRD2—GPCR downstream signaling—C3—coronary artery disease	3.29e-05	0.000173	CbGpPWpGaD
Tetrabenazine—DRD2—Signaling Pathways—CRK—coronary artery disease	3.25e-05	0.000171	CbGpPWpGaD
Tetrabenazine—CYP2D6—Metabolism—TXNRD1—coronary artery disease	3.21e-05	0.000169	CbGpPWpGaD
Tetrabenazine—CYP2D6—Metabolism—CYP11B2—coronary artery disease	3.21e-05	0.000169	CbGpPWpGaD
Tetrabenazine—DRD2—Signaling Pathways—SH2B3—coronary artery disease	3.21e-05	0.000169	CbGpPWpGaD
Tetrabenazine—DRD2—Signaling Pathways—ATP2A2—coronary artery disease	3.21e-05	0.000169	CbGpPWpGaD
Tetrabenazine—DRD2—Signaling Pathways—VWF—coronary artery disease	3.21e-05	0.000169	CbGpPWpGaD
Tetrabenazine—DRD2—Signaling Pathways—APOC3—coronary artery disease	3.19e-05	0.000168	CbGpPWpGaD
Tetrabenazine—DRD2—Signaling Pathways—LDLR—coronary artery disease	3.17e-05	0.000166	CbGpPWpGaD
Tetrabenazine—CYP2D6—Metabolism—SLC22A3—coronary artery disease	3.16e-05	0.000166	CbGpPWpGaD
Tetrabenazine—DRD2—GPCR downstream signaling—AGT—coronary artery disease	3.13e-05	0.000164	CbGpPWpGaD
Tetrabenazine—CYP2D6—Metabolism—ARNTL—coronary artery disease	3.12e-05	0.000164	CbGpPWpGaD
Tetrabenazine—CYP2D6—Metabolism—HADH—coronary artery disease	3.12e-05	0.000164	CbGpPWpGaD
Tetrabenazine—DRD2—Signaling by GPCR—PPP2CA—coronary artery disease	3.11e-05	0.000163	CbGpPWpGaD
Tetrabenazine—DRD2—Signaling Pathways—CXCL2—coronary artery disease	3.1e-05	0.000163	CbGpPWpGaD
Tetrabenazine—DRD2—Signaling Pathways—CCL3—coronary artery disease	3.1e-05	0.000163	CbGpPWpGaD
Tetrabenazine—DRD2—Signaling Pathways—F2R—coronary artery disease	3.06e-05	0.000161	CbGpPWpGaD
Tetrabenazine—DRD2—Signaling Pathways—SDC1—coronary artery disease	3.06e-05	0.000161	CbGpPWpGaD
Tetrabenazine—DRD2—Signaling by GPCR—PRKCD—coronary artery disease	3.06e-05	0.00016	CbGpPWpGaD
Tetrabenazine—CBR1—Metabolism—AKT1—coronary artery disease	3.04e-05	0.000159	CbGpPWpGaD
Tetrabenazine—DRD2—Signaling Pathways—FGB—coronary artery disease	3e-05	0.000157	CbGpPWpGaD
Tetrabenazine—DRD2—Signaling by GPCR—HTR2A—coronary artery disease	2.99e-05	0.000157	CbGpPWpGaD
Tetrabenazine—DRD2—Signaling by GPCR—C3—coronary artery disease	2.99e-05	0.000157	CbGpPWpGaD
Tetrabenazine—DRD2—Signaling Pathways—EDNRB—coronary artery disease	2.97e-05	0.000156	CbGpPWpGaD
Tetrabenazine—CYP2D6—Metabolism—PLA2G2A—coronary artery disease	2.96e-05	0.000155	CbGpPWpGaD
Tetrabenazine—CYP2D6—Metabolism—APOA2—coronary artery disease	2.96e-05	0.000155	CbGpPWpGaD
Tetrabenazine—CYP2D6—Metabolism—GPX2—coronary artery disease	2.96e-05	0.000155	CbGpPWpGaD
Tetrabenazine—DRD2—Signaling Pathways—THBS1—coronary artery disease	2.92e-05	0.000153	CbGpPWpGaD
Tetrabenazine—CYP2D6—Metabolism—ABCG5—coronary artery disease	2.92e-05	0.000153	CbGpPWpGaD
Tetrabenazine—CYP2D6—Metabolism—GPX4—coronary artery disease	2.92e-05	0.000153	CbGpPWpGaD
Tetrabenazine—CYP2D6—Metabolism—HK1—coronary artery disease	2.92e-05	0.000153	CbGpPWpGaD
Tetrabenazine—CYP2D6—Metabolism—SULT1A1—coronary artery disease	2.92e-05	0.000153	CbGpPWpGaD
Tetrabenazine—DRD2—Signaling Pathways—PSMA6—coronary artery disease	2.89e-05	0.000152	CbGpPWpGaD
Tetrabenazine—DRD2—Signaling Pathways—PSMB5—coronary artery disease	2.89e-05	0.000152	CbGpPWpGaD
Tetrabenazine—DRD2—GPCR downstream signaling—F2—coronary artery disease	2.89e-05	0.000152	CbGpPWpGaD
Tetrabenazine—CYP2D6—Metabolism—HADHA—coronary artery disease	2.89e-05	0.000151	CbGpPWpGaD
Tetrabenazine—CYP2D6—Metabolism—GSTA1—coronary artery disease	2.85e-05	0.00015	CbGpPWpGaD
Tetrabenazine—DRD2—Signaling by GPCR—AGT—coronary artery disease	2.84e-05	0.000149	CbGpPWpGaD
Tetrabenazine—CYP2D6—Metabolism—LPA—coronary artery disease	2.82e-05	0.000148	CbGpPWpGaD
Tetrabenazine—DRD2—Signaling Pathways—EDNRA—coronary artery disease	2.8e-05	0.000147	CbGpPWpGaD
Tetrabenazine—DRD2—Signaling Pathways—CYBA—coronary artery disease	2.79e-05	0.000146	CbGpPWpGaD
Tetrabenazine—DRD2—Signaling Pathways—ADRB1—coronary artery disease	2.79e-05	0.000146	CbGpPWpGaD
Tetrabenazine—DRD2—Signaling Pathways—DUSP6—coronary artery disease	2.78e-05	0.000146	CbGpPWpGaD
Tetrabenazine—CYP2D6—Metabolism—PLCB3—coronary artery disease	2.73e-05	0.000143	CbGpPWpGaD
Tetrabenazine—DRD2—Signaling Pathways—PLAT—coronary artery disease	2.73e-05	0.000143	CbGpPWpGaD
Tetrabenazine—CYP2D6—Metabolism—APOA5—coronary artery disease	2.7e-05	0.000142	CbGpPWpGaD
Tetrabenazine—CYP2D6—Metabolism—P4HB—coronary artery disease	2.65e-05	0.000139	CbGpPWpGaD
Tetrabenazine—DRD2—Signaling Pathways—CXCL12—coronary artery disease	2.64e-05	0.000138	CbGpPWpGaD
Tetrabenazine—DRD2—Signaling Pathways—BDKRB2—coronary artery disease	2.64e-05	0.000138	CbGpPWpGaD
Tetrabenazine—DRD2—GPCR downstream signaling—POMC—coronary artery disease	2.63e-05	0.000138	CbGpPWpGaD
Tetrabenazine—DRD2—Signaling by GPCR—F2—coronary artery disease	2.62e-05	0.000138	CbGpPWpGaD
Tetrabenazine—DRD2—Signaling by GPCR—IL6ST—coronary artery disease	2.61e-05	0.000137	CbGpPWpGaD
Tetrabenazine—CYP2D6—Metabolism—PLA2G1B—coronary artery disease	2.6e-05	0.000137	CbGpPWpGaD
Tetrabenazine—DRD2—Signaling Pathways—JUNB—coronary artery disease	2.59e-05	0.000136	CbGpPWpGaD
Tetrabenazine—DRD2—Signaling Pathways—PLCB1—coronary artery disease	2.58e-05	0.000135	CbGpPWpGaD
Tetrabenazine—DRD2—Signaling Pathways—HTR7—coronary artery disease	2.52e-05	0.000132	CbGpPWpGaD
Tetrabenazine—CYP2D6—Metabolism—VCAN—coronary artery disease	2.45e-05	0.000129	CbGpPWpGaD
Tetrabenazine—CYP2D6—Metabolism—ALDOA—coronary artery disease	2.43e-05	0.000128	CbGpPWpGaD
Tetrabenazine—DRD2—Signaling Pathways—ITGAV—coronary artery disease	2.4e-05	0.000126	CbGpPWpGaD
Tetrabenazine—DRD2—Signaling Pathways—KNG1—coronary artery disease	2.4e-05	0.000126	CbGpPWpGaD
Tetrabenazine—DRD2—Signaling by GPCR—POMC—coronary artery disease	2.39e-05	0.000125	CbGpPWpGaD
Tetrabenazine—DRD2—Signaling by GPCR—CREB1—coronary artery disease	2.39e-05	0.000125	CbGpPWpGaD
Tetrabenazine—DRD2—Signaling Pathways—AGTR1—coronary artery disease	2.38e-05	0.000125	CbGpPWpGaD
Tetrabenazine—CYP2D6—Metabolism—DCN—coronary artery disease	2.36e-05	0.000124	CbGpPWpGaD
Tetrabenazine—DRD2—Signaling by GPCR—CCL2—coronary artery disease	2.34e-05	0.000123	CbGpPWpGaD
Tetrabenazine—DRD2—Signaling by GPCR—IL6R—coronary artery disease	2.33e-05	0.000122	CbGpPWpGaD
Tetrabenazine—DRD2—Signaling Pathways—CXCL10—coronary artery disease	2.33e-05	0.000122	CbGpPWpGaD
Tetrabenazine—DRD2—Signaling Pathways—PLG—coronary artery disease	2.32e-05	0.000122	CbGpPWpGaD
Tetrabenazine—CYP2D6—Metabolism—ALDH2—coronary artery disease	2.3e-05	0.000121	CbGpPWpGaD
Tetrabenazine—DRD2—Signaling Pathways—ADRB2—coronary artery disease	2.26e-05	0.000119	CbGpPWpGaD
Tetrabenazine—CYP2D6—Metabolism—HBA1—coronary artery disease	2.24e-05	0.000118	CbGpPWpGaD
Tetrabenazine—CYP2D6—Metabolism—LIPC—coronary artery disease	2.24e-05	0.000118	CbGpPWpGaD
Tetrabenazine—CYP2D6—Metabolism—PIK3C2A—coronary artery disease	2.24e-05	0.000118	CbGpPWpGaD
Tetrabenazine—CYP2D6—Metabolism—CYP2C19—coronary artery disease	2.24e-05	0.000118	CbGpPWpGaD
Tetrabenazine—DRD2—Signaling Pathways—PRKCE—coronary artery disease	2.23e-05	0.000117	CbGpPWpGaD
Tetrabenazine—DRD2—GPCR downstream signaling—JAK2—coronary artery disease	2.23e-05	0.000117	CbGpPWpGaD
Tetrabenazine—CYP2D6—Metabolism—APOC3—coronary artery disease	2.23e-05	0.000117	CbGpPWpGaD
Tetrabenazine—DRD2—Signaling Pathways—SOCS1—coronary artery disease	2.23e-05	0.000117	CbGpPWpGaD
Tetrabenazine—DRD2—Signaling Pathways—S100B—coronary artery disease	2.22e-05	0.000117	CbGpPWpGaD
Tetrabenazine—CYP2D6—Metabolism—LDLR—coronary artery disease	2.21e-05	0.000116	CbGpPWpGaD
Tetrabenazine—DRD2—Signaling Pathways—SOCS3—coronary artery disease	2.2e-05	0.000115	CbGpPWpGaD
Tetrabenazine—CYP2D6—Metabolism—GSTT1—coronary artery disease	2.19e-05	0.000115	CbGpPWpGaD
Tetrabenazine—CYP2D6—Metabolism—SLC9A1—coronary artery disease	2.19e-05	0.000115	CbGpPWpGaD
Tetrabenazine—DRD2—Signaling Pathways—TGFBR2—coronary artery disease	2.17e-05	0.000114	CbGpPWpGaD
Tetrabenazine—DRD2—Signaling Pathways—KITLG—coronary artery disease	2.17e-05	0.000114	CbGpPWpGaD
Tetrabenazine—CYP2D6—Metabolism—GCLC—coronary artery disease	2.16e-05	0.000113	CbGpPWpGaD
Tetrabenazine—CYP2D6—Metabolism—CETP—coronary artery disease	2.16e-05	0.000113	CbGpPWpGaD
Tetrabenazine—CYP2D6—Metabolism—SDC1—coronary artery disease	2.14e-05	0.000112	CbGpPWpGaD
Tetrabenazine—DRD2—Signaling Pathways—MMP3—coronary artery disease	2.12e-05	0.000111	CbGpPWpGaD
Tetrabenazine—DRD2—Signaling Pathways—STAT5A—coronary artery disease	2.12e-05	0.000111	CbGpPWpGaD
Tetrabenazine—DRD2—Signaling Pathways—APOB—coronary artery disease	2.05e-05	0.000108	CbGpPWpGaD
Tetrabenazine—DRD2—GPCR downstream signaling—CXCL8—coronary artery disease	2.04e-05	0.000107	CbGpPWpGaD
Tetrabenazine—DRD2—Signaling by GPCR—JAK2—coronary artery disease	2.03e-05	0.000106	CbGpPWpGaD
Tetrabenazine—DRD2—Signaling Pathways—EDN1—coronary artery disease	2.02e-05	0.000106	CbGpPWpGaD
Tetrabenazine—CYP2D6—Metabolism—PSMA6—coronary artery disease	2.02e-05	0.000106	CbGpPWpGaD
Tetrabenazine—CYP2D6—Metabolism—PSMB5—coronary artery disease	2.02e-05	0.000106	CbGpPWpGaD
Tetrabenazine—DRD2—Signaling Pathways—CCL5—coronary artery disease	2e-05	0.000105	CbGpPWpGaD
Tetrabenazine—DRD2—Signaling Pathways—FGF1—coronary artery disease	1.97e-05	0.000104	CbGpPWpGaD
Tetrabenazine—DRD2—Signaling Pathways—CSF2—coronary artery disease	1.97e-05	0.000104	CbGpPWpGaD
Tetrabenazine—CYP2D6—Metabolism—CTGF—coronary artery disease	1.97e-05	0.000104	CbGpPWpGaD
Tetrabenazine—DRD2—Signaling Pathways—LPL—coronary artery disease	1.96e-05	0.000103	CbGpPWpGaD
Tetrabenazine—CYP2D6—Metabolism—HMGCR—coronary artery disease	1.96e-05	0.000103	CbGpPWpGaD
Tetrabenazine—CYP2D6—Metabolism—GOT2—coronary artery disease	1.96e-05	0.000103	CbGpPWpGaD
Tetrabenazine—DRD2—Signaling Pathways—MEF2C—coronary artery disease	1.94e-05	0.000102	CbGpPWpGaD
Tetrabenazine—DRD2—Signaling Pathways—RPS6KB1—coronary artery disease	1.94e-05	0.000102	CbGpPWpGaD
Tetrabenazine—DRD2—Signaling Pathways—ITGB3—coronary artery disease	1.89e-05	9.93e-05	CbGpPWpGaD
Tetrabenazine—DRD2—Signaling by GPCR—CXCL8—coronary artery disease	1.85e-05	9.7e-05	CbGpPWpGaD
Tetrabenazine—DRD2—Signaling Pathways—PPP2CA—coronary artery disease	1.84e-05	9.65e-05	CbGpPWpGaD
Tetrabenazine—DRD2—Signaling Pathways—PRKCD—coronary artery disease	1.81e-05	9.48e-05	CbGpPWpGaD
Tetrabenazine—CYP2D6—Metabolism—PLCB1—coronary artery disease	1.8e-05	9.43e-05	CbGpPWpGaD
Tetrabenazine—DRD2—Signaling Pathways—HTR2A—coronary artery disease	1.77e-05	9.27e-05	CbGpPWpGaD
Tetrabenazine—DRD2—Signaling Pathways—C3—coronary artery disease	1.76e-05	9.26e-05	CbGpPWpGaD
Tetrabenazine—CYP2D6—Metabolism—ABCA1—coronary artery disease	1.74e-05	9.14e-05	CbGpPWpGaD
Tetrabenazine—CYP2D6—Metabolism—GGT1—coronary artery disease	1.69e-05	8.86e-05	CbGpPWpGaD
Tetrabenazine—CYP2D6—Metabolism—GOT1—coronary artery disease	1.69e-05	8.86e-05	CbGpPWpGaD
Tetrabenazine—DRD2—Signaling Pathways—HIF1A—coronary artery disease	1.68e-05	8.83e-05	CbGpPWpGaD
Tetrabenazine—DRD2—Signaling Pathways—AGT—coronary artery disease	1.68e-05	8.8e-05	CbGpPWpGaD
Tetrabenazine—DRD2—Signaling Pathways—APOE—coronary artery disease	1.64e-05	8.62e-05	CbGpPWpGaD
Tetrabenazine—DRD2—Signaling Pathways—LEP—coronary artery disease	1.64e-05	8.62e-05	CbGpPWpGaD
Tetrabenazine—DRD2—Signaling Pathways—APOA1—coronary artery disease	1.62e-05	8.52e-05	CbGpPWpGaD
Tetrabenazine—DRD2—Signaling Pathways—KDR—coronary artery disease	1.61e-05	8.45e-05	CbGpPWpGaD
Tetrabenazine—DRD2—Signaling Pathways—MAPK14—coronary artery disease	1.6e-05	8.39e-05	CbGpPWpGaD
Tetrabenazine—DRD2—Signaling Pathways—ESR1—coronary artery disease	1.57e-05	8.23e-05	CbGpPWpGaD
Tetrabenazine—DRD2—Signaling Pathways—F2—coronary artery disease	1.55e-05	8.13e-05	CbGpPWpGaD
Tetrabenazine—DRD2—Signaling Pathways—FN1—coronary artery disease	1.55e-05	8.13e-05	CbGpPWpGaD
Tetrabenazine—DRD2—Signaling Pathways—IL6ST—coronary artery disease	1.54e-05	8.1e-05	CbGpPWpGaD
Tetrabenazine—DRD2—Signaling Pathways—NFKBIA—coronary artery disease	1.53e-05	8.03e-05	CbGpPWpGaD
Tetrabenazine—CYP2D6—Metabolism—GSTP1—coronary artery disease	1.52e-05	7.96e-05	CbGpPWpGaD
Tetrabenazine—CYP2D6—Metabolism—PPARGC1A—coronary artery disease	1.5e-05	7.88e-05	CbGpPWpGaD
Tetrabenazine—CYP2D6—Metabolism—HMOX1—coronary artery disease	1.5e-05	7.85e-05	CbGpPWpGaD
Tetrabenazine—DRD2—Signaling Pathways—KIT—coronary artery disease	1.48e-05	7.78e-05	CbGpPWpGaD
Tetrabenazine—CYP2D6—Metabolism—CAT—coronary artery disease	1.48e-05	7.74e-05	CbGpPWpGaD
Tetrabenazine—CYP2D6—Metabolism—APOB—coronary artery disease	1.43e-05	7.52e-05	CbGpPWpGaD
Tetrabenazine—DRD2—Signaling Pathways—GSK3B—coronary artery disease	1.42e-05	7.47e-05	CbGpPWpGaD
Tetrabenazine—DRD2—Signaling Pathways—POMC—coronary artery disease	1.41e-05	7.41e-05	CbGpPWpGaD
Tetrabenazine—DRD2—Signaling Pathways—CREB1—coronary artery disease	1.41e-05	7.41e-05	CbGpPWpGaD
Tetrabenazine—CYP2D6—Metabolism—GSTM1—coronary artery disease	1.39e-05	7.31e-05	CbGpPWpGaD
Tetrabenazine—DRD2—Signaling Pathways—CCL2—coronary artery disease	1.38e-05	7.25e-05	CbGpPWpGaD
Tetrabenazine—DRD2—Signaling Pathways—IL6R—coronary artery disease	1.38e-05	7.23e-05	CbGpPWpGaD
Tetrabenazine—CYP2D6—Metabolism—LPL—coronary artery disease	1.37e-05	7.18e-05	CbGpPWpGaD
Tetrabenazine—DRD2—Signaling Pathways—IGF1—coronary artery disease	1.36e-05	7.12e-05	CbGpPWpGaD
Tetrabenazine—DRD2—Signaling by GPCR—MAPK1—coronary artery disease	1.35e-05	7.09e-05	CbGpPWpGaD
Tetrabenazine—CYP2D6—Metabolism—GPX1—coronary artery disease	1.33e-05	7e-05	CbGpPWpGaD
Tetrabenazine—CYP2D6—Metabolism—CD36—coronary artery disease	1.3e-05	6.82e-05	CbGpPWpGaD
Tetrabenazine—DRD2—GPCR downstream signaling—PIK3CA—coronary artery disease	1.29e-05	6.78e-05	CbGpPWpGaD
Tetrabenazine—DRD2—Signaling Pathways—SERPINE1—coronary artery disease	1.29e-05	6.77e-05	CbGpPWpGaD
Tetrabenazine—CYP2D6—Metabolism—PPP2CA—coronary artery disease	1.28e-05	6.73e-05	CbGpPWpGaD
Tetrabenazine—DRD2—Signaling Pathways—FGF2—coronary artery disease	1.25e-05	6.55e-05	CbGpPWpGaD
Tetrabenazine—CYP2D6—Metabolism—MTHFR—coronary artery disease	1.23e-05	6.46e-05	CbGpPWpGaD
Tetrabenazine—DRD2—Signaling Pathways—NOS3—coronary artery disease	1.23e-05	6.46e-05	CbGpPWpGaD
Tetrabenazine—DRD2—Signaling Pathways—JAK2—coronary artery disease	1.2e-05	6.28e-05	CbGpPWpGaD
Tetrabenazine—DRD2—Signaling by GPCR—PIK3CA—coronary artery disease	1.17e-05	6.15e-05	CbGpPWpGaD
Tetrabenazine—CYP2D6—Metabolism—AGT—coronary artery disease	1.17e-05	6.14e-05	CbGpPWpGaD
Tetrabenazine—CYP2D6—Metabolism—APOE—coronary artery disease	1.15e-05	6.01e-05	CbGpPWpGaD
Tetrabenazine—CYP2D6—Metabolism—APOA1—coronary artery disease	1.13e-05	5.95e-05	CbGpPWpGaD
Tetrabenazine—DRD2—Signaling Pathways—CXCL8—coronary artery disease	1.09e-05	5.73e-05	CbGpPWpGaD
Tetrabenazine—DRD2—GPCR downstream signaling—AKT1—coronary artery disease	1.05e-05	5.54e-05	CbGpPWpGaD
Tetrabenazine—DRD2—Signaling Pathways—CASP3—coronary artery disease	1.05e-05	5.48e-05	CbGpPWpGaD
Tetrabenazine—DRD2—Signaling by GPCR—IL6—coronary artery disease	1.04e-05	5.45e-05	CbGpPWpGaD
Tetrabenazine—DRD2—Signaling Pathways—CCND1—coronary artery disease	1.02e-05	5.34e-05	CbGpPWpGaD
Tetrabenazine—CYP2D6—Metabolism—PPARG—coronary artery disease	9.98e-06	5.24e-05	CbGpPWpGaD
Tetrabenazine—DRD2—Signaling Pathways—MMP9—coronary artery disease	9.88e-06	5.18e-05	CbGpPWpGaD
Tetrabenazine—CYP2D6—Metabolism—POMC—coronary artery disease	9.85e-06	5.17e-05	CbGpPWpGaD
Tetrabenazine—DRD2—Signaling by GPCR—AKT1—coronary artery disease	9.58e-06	5.03e-05	CbGpPWpGaD
Tetrabenazine—CYP2D6—Metabolism—ALB—coronary artery disease	8.98e-06	4.71e-05	CbGpPWpGaD
Tetrabenazine—DRD2—Signaling Pathways—VEGFA—coronary artery disease	8.87e-06	4.65e-05	CbGpPWpGaD
Tetrabenazine—CYP2D6—Metabolism—NOS3—coronary artery disease	8.59e-06	4.51e-05	CbGpPWpGaD
Tetrabenazine—DRD2—Signaling Pathways—TGFB1—coronary artery disease	8.14e-06	4.27e-05	CbGpPWpGaD
Tetrabenazine—DRD2—Signaling Pathways—MAPK1—coronary artery disease	7.98e-06	4.19e-05	CbGpPWpGaD
Tetrabenazine—CYP2D6—Metabolism—PTGS2—coronary artery disease	7.85e-06	4.12e-05	CbGpPWpGaD
Tetrabenazine—DRD2—Signaling Pathways—PIK3CA—coronary artery disease	6.93e-06	3.63e-05	CbGpPWpGaD
Tetrabenazine—DRD2—Signaling Pathways—IL6—coronary artery disease	6.13e-06	3.22e-05	CbGpPWpGaD
Tetrabenazine—DRD2—Signaling Pathways—AKT1—coronary artery disease	5.66e-06	2.97e-05	CbGpPWpGaD
Tetrabenazine—CYP2D6—Metabolism—PIK3CA—coronary artery disease	4.83e-06	2.54e-05	CbGpPWpGaD
Tetrabenazine—CYP2D6—Metabolism—AKT1—coronary artery disease	3.95e-06	2.07e-05	CbGpPWpGaD
